Start
----------
1 : 1224 [2, 3, 4, 4, 4, 5, 5, 5, 5, 5, 5, 5, 5, 6, 6, 6, 6, 12, 15, 15, 15]
2 : 1225 [2, 2, 3, 4, 4, 4, 4, 6, 6, 6, 6, 10, 15, 15, 15, 15]
3 : 1226 [2, 2, 3, 3, 4, 4, 4, 6, 9, 9, 9, 9, 12, 18, 18]
4 : 1227 [2, 2, 3, 3, 5, 5, 5, 5, 5, 10, 10, 10, 10, 10, 12, 12, 12, 12]
5 : 1228 [2, 2, 2, 5, 6, 6, 6, 6, 6, 6, 10, 10, 10, 15, 15, 15]
6 : 1229 [2, 3, 3, 4, 4, 4, 4, 4, 5, 5, 5, 6, 6, 6, 12, 20, 20]
7 : 1230 [2, 2, 5, 5, 5, 5, 5, 5, 5, 5, 5, 5, 5, 6, 7, 14, 15, 21]
8 : 1231 [2, 2, 2, 3, 6, 8, 8, 8, 8, 9, 9, 12, 12, 12, 18]
9 : 1232 [2, 2, 5, 5, 5, 5, 5, 5, 6, 6, 6, 6, 6, 6, 6, 6, 7, 10, 14, 21]
10 : 1233 [2, 3, 5, 5, 5, 5, 5, 5, 5, 5, 5, 5, 5, 5, 6, 6, 6, 6, 10, 10, 12, 12, 12, 12]
11 : 1234 [2, 2, 3, 3, 3, 5, 5, 5, 6, 12, 12, 20, 20]
12 : 1235 [2, 3, 3, 3, 3, 4, 4, 4, 5, 6, 9, 9, 10, 10, 18, 20]
13 : 1236 [2, 2, 2, 3, 9, 9, 9, 9, 9, 9, 9, 9, 9, 9, 9, 18]
14 : 1237 [2, 2, 2, 4, 6, 6, 8, 8, 8, 8, 8, 8, 8, 8, 15, 20]
15 : 1238 [2, 3, 4, 4, 4, 4, 5, 5, 5, 5, 5, 5, 5, 5, 5, 6, 30]
16 : 1239 [2, 2, 4, 4, 5, 5, 5, 5, 5, 5, 5, 5, 6, 12, 12, 15, 15, 15]
17 : 1240 [2, 2, 2, 4, 4, 4, 6, 10, 12, 15, 15, 15, 15]
18 : 1241 [2, 2, 3, 3, 3, 4, 6, 6, 7, 12, 12, 12, 14, 21]
19 : 1242 [2, 2, 5, 5, 5, 5, 5, 5, 6, 6, 8, 8, 8, 8, 8, 8, 8, 8, 8, 8, 8, 8, 10, 12]
20 : 1243 [2, 2, 4, 4, 5, 5, 5, 5, 5, 5, 6, 6, 8, 8, 8, 8, 10, 15, 20]
21 : 1244 [2, 2, 3, 4, 4, 4, 4, 5, 5, 5, 12, 12, 20, 20]
22 : 1245 [2, 2, 3, 4, 4, 4, 6, 6, 6, 6, 6, 10, 10, 10, 10, 10, 10, 20]
23 : 1246 [2, 2, 3, 4, 4, 6, 6, 6, 6, 6, 9, 9, 9, 9, 9, 9, 9, 9, 9, 12, 12]
24 : 1247 [2, 2, 3, 3, 4, 6, 6, 6, 6, 6, 8, 8, 8, 8, 12, 15, 20]
25 : 1248 [2, 4, 5, 5, 5, 5, 5, 5, 5, 5, 5, 5, 5, 5, 6, 6, 8, 8, 8, 8, 8, 8, 8, 8, 10, 10, 12]
26 : 1249 [2, 2, 2, 5, 5, 5, 5, 6, 10, 10, 10, 12, 12, 12, 12, 15]
27 : 1250 [2, 2, 3, 4, 4, 4, 4, 5, 8, 8, 8, 8, 10, 10, 12, 12, 20]
28 : 1251 [2, 2, 3, 4, 4, 4, 4, 4, 6, 7, 12, 12, 12, 14, 21]
29 : 1252 [2, 3, 3, 3, 4, 5, 5, 5, 5, 5, 6, 8, 8, 8, 8, 10, 10, 10, 10, 10, 12, 12]
30 : 1253 [2, 3, 3, 4, 4, 5, 5, 5, 5, 5, 5, 6, 6, 6, 6, 6, 10, 12, 15, 20]
31 : 1254 [3, 3, 4, 4, 4, 4, 4, 4, 4, 4, 5, 5, 5, 6, 6, 6, 10, 10, 10, 10, 10, 10, 10, 15]
32 : 1255 [2, 3, 3, 4, 4, 5, 6, 6, 6, 6, 6, 6, 6, 6, 6, 6, 6, 6, 10, 10, 12, 20]
33 : 1256 [2, 2, 2, 3, 4, 7, 7, 7, 12, 12, 28]
34 : 1257 [2, 2, 3, 3, 4, 4, 4, 6, 6, 9, 9, 15, 18, 20]
35 : 1258 [2, 2, 5, 5, 5, 5, 5, 5, 5, 5, 5, 5, 10, 10, 10, 10, 10, 10, 10, 10, 10, 10]
36 : 1259 [2, 3, 3, 3, 3, 4, 5, 5, 5, 6, 6, 8, 8, 8, 8, 20, 20]
37 : 1260 [2, 2, 2, 4, 4, 6, 6, 10, 10, 10, 10, 10, 10, 12, 20]
38 : 1261 [2, 2, 2, 4, 6, 6, 9, 9, 9, 9, 9, 9, 9, 9, 9, 12, 12, 12]
39 : 1262 [2, 2, 2, 3, 6, 6, 8, 8, 8, 8, 12, 12, 15, 20]
40 : 1263 [2, 4, 4, 4, 4, 4, 4, 5, 5, 5, 5, 5, 5, 6, 6, 6, 6, 10, 12, 15, 20]
41 : 1264 [2, 3, 4, 4, 4, 5, 5, 5, 5, 5, 5, 5, 5, 6, 6, 8, 8, 8, 8, 15, 15, 15]
42 : 1265 [2, 3, 3, 3, 3, 3, 6, 6, 6, 6, 6, 6, 10, 15, 15, 15, 15]
43 : 1266 [2, 2, 2, 4, 4, 4, 9, 9, 12, 12, 12, 12, 12, 18]
44 : 1267 [2, 2, 3, 5, 5, 5, 5, 5, 5, 5, 5, 10, 10, 10, 10, 10, 10, 15, 15]
45 : 1268 [2, 2, 3, 4, 5, 5, 5, 5, 5, 5, 6, 6, 10, 12, 12, 15, 20]
46 : 1269 [2, 2, 3, 5, 5, 5, 6, 6, 6, 6, 6, 6, 6, 10, 10, 10, 10, 10, 10, 10, 15]
47 : 1270 [2, 2, 3, 4, 5, 6, 6, 6, 6, 6, 6, 6, 6, 6, 10, 10, 12, 12, 20]
48 : 1271 [2, 3, 3, 3, 6, 6, 6, 6, 6, 6, 8, 8, 8, 8, 8, 8, 8, 8, 8, 8, 8, 8, 8, 8, 8, 8]
49 : 1272 [2, 2, 3, 3, 3, 6, 6, 6, 6, 6, 12, 12, 12, 15, 20]
50 : 1273 [2, 3, 5, 5, 5, 5, 5, 5, 5, 5, 5, 5, 5, 5, 6, 6, 8, 8, 8, 8, 10, 10, 12, 12, 12]
51 : 1274 [2, 2, 3, 4, 5, 5, 5, 5, 6, 6, 8, 8, 8, 8, 10, 10, 10, 12, 12, 15]
52 : 1275 [2, 2, 3, 3, 4, 4, 4, 5, 10, 10, 12, 12, 12, 12, 20]
53 : 1276 [2, 2, 2, 4, 4, 4, 8, 8, 8, 16, 16, 16, 16]
54 : 1277 [2, 2, 4, 4, 6, 6, 6, 6, 6, 6, 6, 6, 6, 6, 6, 6, 6, 12, 15, 20]
55 : 1278 [2, 2, 3, 3, 5, 6, 6, 6, 6, 6, 6, 6, 10, 10, 10, 15, 15, 15]
56 : 1279 [2, 4, 4, 4, 4, 4, 4, 4, 4, 4, 5, 5, 5, 8, 8, 8, 8, 20, 20]
57 : 1280 [2, 3, 3, 5, 5, 5, 5, 5, 5, 5, 5, 5, 5, 5, 6, 6, 7, 14, 15, 21]
58 : 1281 [2, 2, 2, 3, 6, 6, 6, 12, 12, 12, 12, 12, 12, 12, 12]
59 : 1282 [2, 2, 3, 4, 4, 4, 4, 6, 6, 6, 6, 12, 12, 12, 15, 20]
60 : 1283 [3, 3, 3, 5, 5, 5, 5, 5, 5, 5, 5, 5, 5, 5, 5, 6, 6, 6, 6, 6, 10, 10, 12, 12, 12, 12]
61 : 1284 [2, 3, 3, 3, 3, 3, 5, 5, 5, 6, 6, 12, 12, 20, 20]
62 : 1285 [2, 2, 2, 5, 6, 6, 6, 6, 6, 6, 10, 10, 12, 12, 12, 20]
63 : 1286 [2, 2, 3, 3, 3, 6, 9, 9, 9, 9, 9, 9, 9, 9, 9, 9, 9, 18]
64 : 1287 [2, 2, 3, 3, 4, 6, 6, 6, 8, 8, 8, 8, 8, 8, 8, 8, 15, 20]
65 : 1288 [2, 2, 4, 4, 4, 4, 5, 6, 6, 6, 6, 6, 6, 10, 10, 10, 15, 15, 15]
66 : 1289 [2, 3, 3, 4, 4, 5, 5, 5, 5, 5, 5, 5, 5, 6, 6, 12, 12, 15, 15, 15]
67 : 1290 [2, 2, 3, 3, 4, 4, 4, 6, 6, 10, 12, 15, 15, 15, 15]
68 : 1291 [2, 2, 2, 3, 4, 8, 8, 8, 9, 9, 18, 24]
69 : 1292 [2, 3, 3, 5, 5, 5, 5, 5, 5, 6, 6, 6, 8, 8, 8, 8, 8, 8, 8, 8, 8, 8, 8, 8, 10, 12]
70 : 1293 [2, 3, 3, 4, 4, 5, 5, 5, 5, 5, 5, 6, 6, 6, 8, 8, 8, 8, 10, 15, 20]
71 : 1294 [2, 2, 2, 4, 4, 5, 5, 10, 10, 10, 10, 20, 20]
72 : 1295 [2, 3, 3, 3, 4, 4, 4, 6, 6, 6, 6, 6, 6, 10, 10, 10, 10, 10, 10, 20]
73 : 1296 [2, 2, 2, 4, 6, 8, 8, 8, 8, 8, 8, 8, 8, 12, 12, 12, 12, 12]
74 : 1297 [2, 2, 2, 4, 4, 4, 6, 12, 12, 12, 12, 15, 20]
75 : 1298 [2, 2, 2, 5, 5, 5, 5, 5, 6, 15, 15, 15, 15, 15]
76 : 1299 [2, 2, 3, 3, 5, 5, 5, 5, 6, 6, 10, 10, 10, 12, 12, 12, 12, 15]
77 : 1300 [2, 2, 2, 4, 4, 8, 8, 8, 8, 10, 10, 10, 10, 10, 10, 20]
78 : 1301 [2, 2, 2, 3, 6, 6, 6, 7, 9, 9, 14, 18, 21]
79 : 1302 [2, 2, 2, 3, 8, 8, 8, 8, 8, 8, 8, 8, 12, 15, 20]
80 : 1303 [2, 2, 2, 3, 4, 4, 15, 15, 20, 20]
81 : 1304 [2, 2, 3, 4, 5, 5, 5, 6, 6, 6, 6, 6, 6, 6, 12, 20, 20]
82 : 1305 [2, 3, 4, 4, 4, 4, 4, 4, 4, 6, 6, 6, 6, 6, 10, 10, 10, 10, 10, 10, 20]
83 : 1306 [2, 2, 3, 3, 3, 3, 7, 12, 12, 12, 12, 14, 21]
84 : 1307 [2, 2, 2, 3, 5, 5, 6, 10, 10, 10, 30]
85 : 1308 [2, 2, 3, 4, 5, 5, 5, 5, 5, 5, 8, 8, 8, 8, 10, 12, 15, 20]
86 : 1309 [2, 2, 4, 4, 4, 4, 5, 5, 5, 5, 6, 10, 10, 10, 12, 12, 12, 12, 15]
87 : 1310 [2, 2, 3, 3, 4, 4, 6, 6, 6, 10, 10, 10, 10, 10, 10, 12, 20]
88 : 1311 [2, 2, 3, 3, 4, 6, 6, 6, 9, 9, 9, 9, 9, 9, 9, 9, 9, 12, 12, 12]
89 : 1312 [2, 2, 3, 3, 3, 6, 6, 6, 8, 8, 8, 8, 12, 12, 15, 20]
90 : 1313 [2, 2, 5, 5, 5, 5, 5, 5, 5, 5, 5, 6, 6, 6, 6, 6, 30]
91 : 1314 [2, 2, 3, 4, 5, 5, 5, 5, 8, 8, 8, 8, 8, 8, 8, 8, 10, 10, 10, 12, 15]
92 : 1315 [2, 2, 3, 4, 4, 4, 5, 5, 5, 5, 10, 10, 10, 15, 15, 20]
93 : 1316 [2, 2, 2, 4, 4, 6, 6, 8, 8, 8, 12, 12, 12, 24]
94 : 1317 [2, 2, 4, 4, 6, 6, 6, 6, 6, 6, 6, 6, 6, 6, 6, 8, 8, 8, 8, 15, 20]
95 : 1318 [2, 3, 3, 3, 4, 5, 5, 5, 5, 5, 5, 6, 6, 6, 10, 12, 12, 15, 20]
96 : 1319 [2, 2, 2, 5, 5, 5, 6, 6, 6, 6, 12, 12, 20, 20]
97 : 1320 [2, 2, 3, 4, 4, 4, 5, 6, 6, 6, 6, 9, 9, 10, 10, 18, 20]
98 : 1321 [2, 2, 2, 3, 6, 8, 8, 8, 8, 12, 12, 12, 12, 12, 12, 12]
99 : 1322 [2, 2, 3, 3, 3, 4, 4, 9, 9, 12, 15, 18, 20]
100 : 1323 [2, 4, 4, 4, 5, 5, 5, 5, 5, 5, 6, 6, 6, 6, 6, 6, 6, 6, 6, 6, 6, 10, 15, 20]
101 : 1324 [2, 3, 3, 3, 3, 3, 5, 5, 5, 8, 8, 8, 8, 12, 20, 20]
102 : 1325 [2, 2, 2, 3, 4, 10, 10, 10, 10, 10, 10, 12, 12, 20]
103 : 1326 [2, 2, 2, 3, 9, 9, 9, 9, 9, 9, 9, 9, 9, 12, 12, 12, 12]
104 : 1327 [2, 2, 3, 4, 5, 5, 5, 5, 5, 5, 6, 10, 12, 12, 12, 12, 12, 12, 12]
105 : 1328 [2, 3, 3, 3, 3, 5, 6, 6, 6, 6, 6, 6, 6, 6, 10, 10, 10, 15, 15, 15]
106 : 1329 [2, 3, 3, 4, 4, 5, 5, 5, 5, 5, 5, 5, 5, 8, 8, 8, 8, 12, 15, 15, 15]
107 : 1330 [2, 2, 3, 3, 4, 4, 4, 8, 8, 8, 8, 10, 15, 15, 15, 15]
108 : 1331 [2, 2, 3, 3, 3, 6, 6, 6, 6, 12, 12, 12, 12, 12, 12, 12, 12]
109 : 1332 [2, 2, 5, 5, 5, 5, 6, 6, 6, 6, 6, 6, 6, 6, 6, 10, 10, 10, 10, 10, 10, 10, 10, 10]
110 : 1333 [2, 2, 3, 3, 5, 5, 5, 5, 5, 5, 10, 12, 12, 12, 15, 20]
111 : 1334 [2, 3, 3, 3, 4, 4, 4, 5, 5, 5, 5, 9, 9, 10, 10, 10, 12, 15, 18]
112 : 1335 [2, 2, 2, 4, 4, 5, 6, 9, 9, 10, 10, 12, 18, 20]
113 : 1336 [2, 2, 4, 4, 4, 4, 4, 4, 4, 8, 8, 8, 16, 16, 16, 16]
114 : 1337 [2, 2, 3, 3, 5, 5, 5, 5, 5, 7, 10, 10, 10, 10, 10, 14, 21]
115 : 1338 [2, 3, 3, 4, 4, 4, 4, 5, 6, 6, 6, 6, 6, 6, 6, 10, 10, 10, 15, 15, 15]
116 : 1339 [2, 2, 3, 3, 5, 5, 5, 5, 8, 8, 8, 8, 10, 10, 10, 12, 12, 12, 15]
117 : 1340 [2, 3, 3, 3, 3, 4, 4, 4, 6, 6, 6, 10, 12, 15, 15, 15, 15]
118 : 1341 [2, 2, 3, 3, 3, 4, 6, 8, 8, 8, 9, 9, 18, 24]
119 : 1342 [2, 2, 3, 4, 6, 6, 6, 6, 6, 6, 6, 6, 6, 6, 6, 12, 12, 15, 20]
120 : 1343 [2, 3, 5, 5, 5, 5, 5, 5, 5, 5, 5, 5, 5, 5, 6, 6, 6, 6, 7, 10, 10, 14, 21]
121 : 1344 [2, 2, 3, 3, 4, 4, 5, 5, 6, 10, 10, 10, 10, 20, 20]
122 : 1345 [2, 2, 4, 4, 4, 4, 5, 6, 6, 6, 6, 6, 6, 10, 10, 12, 12, 12, 20]
123 : 1346 [2, 2, 3, 3, 3, 5, 5, 5, 7, 10, 14, 15, 15, 21]
124 : 1347 [2, 2, 3, 3, 4, 4, 4, 6, 6, 12, 12, 12, 12, 15, 20]
125 : 1348 [2, 2, 3, 3, 5, 5, 5, 5, 5, 6, 6, 15, 15, 15, 15, 15]
126 : 1349 [2, 3, 3, 3, 3, 5, 5, 5, 5, 6, 6, 6, 10, 10, 10, 12, 12, 12, 12, 15]
127 : 1350 [2, 2, 3, 3, 4, 4, 6, 8, 8, 8, 8, 10, 10, 10, 10, 10, 10, 20]
128 : 1351 [2, 2, 3, 3, 3, 6, 6, 6, 6, 7, 9, 9, 14, 18, 21]
129 : 1352 [2, 2, 3, 3, 3, 6, 8, 8, 8, 8, 8, 8, 8, 8, 12, 15, 20]
130 : 1353 [2, 2, 3, 3, 3, 4, 4, 6, 15, 15, 20, 20]
131 : 1354 [2, 2, 4, 4, 4, 4, 4, 4, 5, 5, 10, 10, 10, 10, 20, 20]
132 : 1355 [2, 2, 3, 3, 3, 4, 4, 10, 12, 12, 15, 15, 15, 15]
133 : 1356 [2, 2, 2, 4, 4, 4, 12, 12, 12, 12, 12, 12, 12, 12, 12]
134 : 1357 [2, 2, 2, 6, 6, 6, 6, 6, 6, 6, 6, 12, 12, 12, 15, 20]
135 : 1358 [2, 2, 4, 4, 4, 4, 5, 5, 5, 5, 5, 6, 15, 15, 15, 15, 15]
136 : 1359 [2, 2, 2, 5, 5, 5, 5, 6, 7, 10, 10, 10, 14, 15, 21]
137 : 1360 [2, 2, 4, 4, 4, 4, 4, 4, 8, 8, 8, 8, 10, 10, 10, 10, 10, 10, 20]
138 : 1361 [2, 2, 2, 5, 5, 5, 6, 8, 8, 8, 8, 10, 12, 12, 12, 15, 15]
139 : 1362 [2, 2, 3, 4, 4, 4, 4, 8, 8, 8, 8, 8, 8, 8, 8, 12, 15, 20]
140 : 1363 [2, 2, 3, 4, 4, 4, 4, 4, 4, 15, 15, 20, 20]
141 : 1364 [2, 3, 3, 3, 4, 5, 5, 5, 5, 6, 8, 8, 8, 8, 8, 8, 8, 8, 10, 10, 10, 12, 15]
142 : 1365 [2, 2, 2, 5, 6, 6, 8, 8, 8, 8, 8, 8, 8, 8, 10, 10, 12, 20]
143 : 1366 [2, 2, 2, 4, 4, 5, 6, 6, 10, 10, 15, 20, 20]
144 : 1367 [2, 2, 3, 4, 4, 4, 4, 5, 5, 6, 10, 10, 10, 30]
145 : 1368 [2, 2, 2, 4, 4, 5, 6, 10, 10, 10, 12, 12, 15, 15, 15]
146 : 1369 [2, 2, 3, 3, 5, 5, 5, 6, 6, 6, 6, 6, 12, 12, 20, 20]
147 : 1370 [2, 3, 3, 3, 4, 4, 4, 5, 6, 6, 6, 6, 6, 9, 9, 10, 10, 18, 20]
148 : 1371 [2, 2, 2, 6, 6, 6, 6, 9, 9, 9, 9, 9, 9, 9, 9, 9, 9, 9, 18]
149 : 1372 [2, 2, 4, 4, 5, 5, 5, 5, 5, 5, 6, 6, 6, 7, 10, 12, 12, 14, 21]
150 : 1373 [2, 4, 4, 4, 4, 5, 5, 5, 5, 5, 5, 5, 5, 5, 6, 6, 6, 6, 6, 30]
151 : 1374 [2, 3, 4, 4, 4, 4, 4, 5, 5, 5, 5, 8, 8, 8, 8, 8, 8, 8, 8, 10, 10, 10, 12, 15]
152 : 1375 [2, 2, 3, 3, 3, 4, 6, 10, 10, 10, 10, 10, 10, 12, 12, 20]
153 : 1376 [2, 2, 2, 4, 4, 4, 6, 8, 8, 24, 24]
154 : 1377 [2, 2, 4, 5, 5, 5, 5, 5, 6, 6, 8, 8, 8, 8, 8, 8, 8, 8, 10, 10, 10, 10, 10, 12]
155 : 1378 [2, 2, 4, 4, 4, 5, 5, 5, 5, 5, 6, 6, 10, 10, 10, 10, 10, 15, 20]
156 : 1379 [2, 2, 2, 3, 5, 6, 6, 6, 10, 15, 30]
157 : 1380 [2, 2, 4, 4, 4, 6, 6, 6, 6, 6, 6, 6, 6, 6, 10, 10, 10, 10, 10, 10, 20]
158 : 1381 [2, 2, 2, 3, 4, 8, 8, 8, 12, 12, 12, 12, 24]
159 : 1382 [2, 2, 3, 4, 6, 6, 6, 6, 6, 6, 6, 6, 6, 8, 8, 8, 8, 12, 15, 20]
160 : 1383 [2, 3, 3, 3, 3, 5, 5, 5, 5, 5, 5, 6, 10, 12, 12, 12, 15, 20]
161 : 1384 [2, 2, 4, 4, 4, 5, 5, 5, 6, 6, 8, 8, 8, 8, 10, 10, 10, 10, 10, 10, 10, 15]
162 : 1385 [2, 2, 3, 3, 4, 4, 4, 5, 7, 10, 10, 14, 20, 21]
163 : 1386 [2, 2, 3, 3, 4, 8, 8, 8, 8, 8, 8, 8, 8, 8, 8, 8, 8, 12, 12, 12, 12]
164 : 1387 [2, 2, 2, 5, 5, 5, 10, 10, 10, 10, 10, 10, 10, 10, 10, 10, 10, 10, 10]
165 : 1388 [2, 3, 4, 4, 5, 5, 5, 5, 5, 5, 6, 6, 6, 6, 6, 6, 6, 6, 6, 10, 12, 15, 20]
166 : 1389 [2, 3, 3, 3, 3, 5, 5, 5, 5, 6, 8, 8, 8, 8, 10, 10, 10, 12, 12, 12, 15]
167 : 1390 [2, 3, 3, 4, 4, 4, 4, 4, 4, 4, 8, 8, 8, 8, 10, 15, 15, 15, 15]
168 : 1391 [2, 2, 2, 3, 6, 6, 6, 7, 12, 12, 12, 12, 14, 21]
169 : 1392 [2, 2, 3, 4, 4, 4, 6, 6, 6, 6, 6, 6, 9, 9, 15, 18, 20]
170 : 1393 [2, 2, 3, 4, 4, 4, 5, 6, 6, 8, 8, 8, 8, 10, 10, 10, 15, 15, 15]
171 : 1394 [2, 3, 3, 3, 3, 4, 4, 5, 5, 6, 6, 10, 10, 10, 10, 20, 20]
172 : 1395 [2, 2, 4, 4, 4, 4, 4, 4, 5, 6, 9, 9, 10, 10, 12, 18, 20]
173 : 1396 [2, 2, 2, 3, 5, 10, 10, 10, 10, 10, 10, 10, 10, 10, 15, 15]
174 : 1397 [2, 2, 2, 6, 6, 6, 6, 6, 6, 8, 8, 8, 8, 12, 12, 15, 20]
175 : 1398 [2, 3, 3, 3, 3, 5, 5, 5, 5, 5, 6, 6, 6, 15, 15, 15, 15, 15]
176 : 1399 [2, 2, 2, 5, 5, 5, 8, 8, 8, 8, 8, 8, 8, 8, 20, 20]
177 : 1400 [2, 3, 3, 3, 3, 4, 4, 6, 6, 8, 8, 8, 8, 10, 10, 10, 10, 10, 10, 20]
178 : 1401 [2, 2, 3, 4, 4, 4, 6, 6, 6, 8, 8, 8, 8, 9, 9, 9, 9, 18, 18]
179 : 1402 [2, 2, 3, 5, 5, 5, 5, 5, 6, 6, 8, 8, 8, 8, 10, 10, 10, 10, 10, 12, 12, 12]
180 : 1403 [2, 2, 4, 5, 5, 5, 5, 5, 5, 6, 6, 6, 6, 6, 6, 10, 12, 12, 15, 20]
181 : 1404 [2, 2, 5, 5, 5, 6, 6, 6, 6, 6, 6, 6, 6, 6, 6, 6, 10, 10, 10, 10, 10, 10, 10, 15]
182 : 1405 [2, 2, 2, 5, 8, 8, 8, 8, 8, 8, 8, 8, 8, 8, 8, 8, 10, 10, 20]
183 : 1406 [2, 2, 2, 4, 6, 7, 8, 8, 8, 8, 8, 8, 8, 8, 12, 14, 21]
184 : 1407 [2, 2, 2, 4, 4, 4, 6, 7, 14, 15, 20, 21]
185 : 1408 [2, 3, 3, 4, 4, 4, 4, 5, 5, 5, 5, 5, 6, 6, 15, 15, 15, 15, 15]
186 : 1409 [2, 2, 3, 3, 5, 5, 5, 5, 6, 6, 7, 10, 10, 10, 14, 15, 21]
187 : 1410 [2, 2, 3, 4, 4, 4, 5, 6, 6, 6, 6, 10, 10, 12, 12, 12, 12, 20]
188 : 1411 [2, 2, 3, 3, 3, 8, 8, 8, 8, 8, 8, 8, 8, 12, 12, 12, 12, 12, 12]
189 : 1412 [2, 2, 3, 3, 3, 4, 4, 12, 12, 12, 12, 12, 15, 20]
190 : 1413 [2, 2, 3, 5, 6, 6, 6, 6, 6, 6, 6, 6, 6, 6, 6, 10, 10, 10, 15, 15, 15]
191 : 1414 [2, 2, 3, 5, 5, 5, 5, 5, 5, 5, 5, 6, 9, 9, 15, 15, 15, 18]
192 : 1415 [2, 2, 3, 3, 5, 6, 6, 6, 8, 8, 8, 8, 8, 8, 8, 8, 10, 10, 12, 20]
193 : 1416 [2, 2, 2, 4, 4, 8, 8, 8, 8, 9, 9, 9, 9, 12, 18, 18]
194 : 1417 [2, 2, 4, 4, 4, 4, 6, 6, 6, 6, 6, 6, 6, 6, 12, 12, 12, 15, 20]
195 : 1418 [2, 2, 3, 3, 4, 4, 5, 6, 6, 10, 10, 10, 12, 12, 15, 15, 15]
196 : 1419 [2, 2, 3, 3, 4, 4, 5, 5, 5, 9, 9, 18, 20, 20]
197 : 1420 [2, 2, 5, 5, 5, 5, 5, 5, 5, 5, 5, 5, 5, 8, 8, 8, 12, 15, 24]
198 : 1421 [2, 2, 2, 4, 5, 5, 5, 8, 8, 8, 10, 15, 15, 24]
199 : 1422 [2, 2, 3, 4, 6, 6, 6, 6, 6, 6, 6, 8, 8, 8, 8, 8, 8, 8, 8, 15, 20]
200 : 1423 [2, 3, 4, 4, 4, 4, 4, 4, 4, 4, 4, 4, 15, 15, 20, 20]
201 : 1424 [2, 3, 3, 3, 3, 3, 5, 5, 10, 10, 10, 10, 10, 10, 10, 10, 10, 10, 10, 15]
202 : 1425 [2, 2, 2, 4, 4, 5, 6, 10, 10, 12, 12, 12, 12, 12, 20]
203 : 1426 [2, 2, 2, 4, 6, 6, 6, 6, 8, 8, 8, 9, 9, 18, 24]
204 : 1427 [2, 3, 3, 4, 5, 5, 5, 5, 5, 6, 6, 6, 8, 8, 8, 8, 8, 8, 8, 8, 10, 10, 10, 10, 10, 12]
205 : 1428 [2, 2, 4, 4, 4, 4, 4, 4, 5, 6, 10, 10, 10, 12, 12, 15, 15, 15]
206 : 1429 [2, 2, 3, 3, 3, 5, 6, 6, 6, 6, 10, 15, 30]
207 : 1430 [2, 2, 3, 5, 5, 5, 5, 5, 5, 5, 5, 5, 10, 12, 12, 20, 20]
208 : 1431 [2, 2, 2, 3, 4, 5, 10, 10, 12, 15, 20, 20]
209 : 1432 [2, 3, 3, 3, 4, 6, 6, 6, 6, 6, 6, 6, 6, 6, 6, 8, 8, 8, 8, 12, 15, 20]
210 : 1433 [2, 3, 3, 3, 3, 3, 3, 10, 10, 10, 10, 10, 10, 10, 15, 15, 15]
211 : 1434 [2, 2, 3, 5, 5, 5, 5, 6, 6, 6, 6, 6, 6, 10, 10, 10, 12, 12, 12, 12, 15]
212 : 1435 [2, 3, 3, 3, 3, 4, 4, 4, 5, 6, 7, 10, 10, 14, 20, 21]
213 : 1436 [2, 2, 2, 3, 7, 9, 9, 9, 9, 9, 9, 9, 9, 9, 14, 21]
214 : 1437 [2, 2, 2, 6, 6, 6, 6, 8, 8, 8, 8, 8, 8, 8, 8, 12, 15, 20]
215 : 1438 [2, 2, 2, 4, 4, 6, 6, 6, 6, 15, 15, 20, 20]
216 : 1439 [2, 2, 3, 4, 4, 4, 4, 5, 6, 6, 6, 10, 15, 30]
217 : 1440 [2, 2, 2, 4, 4, 6, 6, 6, 10, 12, 12, 15, 15, 15, 15]
218 : 1441 [2, 2, 2, 3, 4, 9, 9, 9, 9, 12, 12, 12, 18, 18]
219 : 1442 [2, 2, 2, 5, 5, 6, 6, 6, 6, 6, 10, 10, 10, 30]
220 : 1443 [2, 2, 3, 4, 4, 5, 5, 5, 5, 5, 10, 10, 10, 10, 10, 12, 15, 20]
221 : 1444 [2, 2, 3, 4, 4, 4, 5, 5, 5, 6, 6, 12, 12, 12, 20, 20]
222 : 1445 [2, 2, 3, 4, 4, 6, 6, 6, 6, 6, 6, 6, 10, 10, 10, 10, 10, 10, 12, 20]
223 : 1446 [2, 2, 2, 6, 8, 8, 8, 8, 8, 8, 8, 8, 8, 8, 8, 8, 9, 9, 12, 18]
224 : 1447 [2, 2, 2, 4, 4, 6, 8, 8, 8, 8, 9, 9, 15, 18, 20]
225 : 1448 [2, 3, 4, 5, 5, 5, 5, 5, 5, 5, 5, 5, 5, 5, 8, 8, 8, 8, 10, 10, 10, 10, 10, 10, 12, 12]
226 : 1449 [2, 2, 3, 3, 5, 5, 5, 6, 8, 8, 8, 8, 8, 8, 8, 8, 20, 20]
227 : 1450 [2, 2, 2, 3, 5, 6, 8, 8, 8, 10, 10, 20, 24]
228 : 1451 [2, 2, 2, 3, 3, 14, 14, 14, 14, 14, 21]
229 : 1452 [2, 2, 3, 3, 4, 4, 5, 5, 5, 10, 12, 15, 15, 15, 20]
230 : 1453 [2, 2, 4, 4, 4, 5, 5, 5, 5, 5, 5, 6, 9, 9, 10, 15, 18, 20]
231 : 1454 [2, 2, 2, 4, 4, 4, 5, 10, 12, 15, 30]
232 : 1455 [2, 2, 3, 3, 5, 6, 8, 8, 8, 8, 8, 8, 8, 8, 8, 8, 8, 8, 10, 10, 20]
233 : 1456 [2, 2, 2, 3, 6, 6, 7, 7, 7, 12, 12, 12, 28]
234 : 1457 [2, 2, 3, 3, 4, 4, 4, 6, 6, 7, 14, 15, 20, 21]
235 : 1458 [2, 2, 3, 3, 4, 4, 5, 8, 8, 8, 8, 10, 10, 10, 12, 15, 15, 15]
236 : 1459 [2, 2, 2, 5, 5, 6, 6, 10, 10, 10, 10, 10, 10, 10, 10, 10, 10, 10, 15]
237 : 1460 [2, 2, 2, 4, 6, 6, 6, 6, 10, 10, 10, 10, 10, 10, 12, 12, 20]
238 : 1461 [2, 2, 2, 6, 6, 6, 6, 9, 9, 9, 9, 9, 9, 9, 9, 9, 12, 12, 12, 12]
239 : 1462 [2, 2, 3, 4, 5, 5, 5, 5, 5, 6, 8, 8, 8, 10, 10, 10, 10, 10, 24]
240 : 1463 [2, 3, 3, 3, 5, 6, 6, 6, 6, 6, 6, 6, 6, 6, 6, 6, 6, 10, 10, 10, 15, 15, 15]
241 : 1464 [2, 3, 3, 3, 5, 5, 5, 5, 5, 5, 5, 5, 6, 6, 9, 9, 15, 15, 15, 18]
242 : 1465 [2, 2, 3, 4, 4, 4, 6, 6, 6, 6, 8, 8, 8, 8, 10, 15, 15, 15, 15]
243 : 1466 [2, 2, 2, 4, 4, 4, 7, 12, 12, 12, 12, 12, 14, 21]
244 : 1467 [2, 2, 4, 4, 4, 4, 4, 4, 4, 6, 7, 14, 15, 20, 21]
245 : 1468 [2, 2, 2, 3, 6, 6, 10, 10, 10, 10, 10, 10, 10, 15, 15, 15]
246 : 1469 [2, 3, 3, 3, 3, 4, 4, 5, 5, 5, 6, 9, 9, 18, 20, 20]
247 : 1470 [2, 2, 3, 5, 6, 6, 6, 6, 6, 6, 6, 6, 6, 6, 6, 10, 10, 12, 12, 12, 20]
248 : 1471 [2, 2, 2, 4, 7, 7, 7, 8, 8, 8, 8, 8, 8, 8, 8, 28]
249 : 1472 [2, 2, 2, 3, 4, 6, 9, 9, 12, 12, 15, 18, 20]
250 : 1473 [2, 3, 3, 3, 4, 4, 4, 5, 5, 5, 5, 5, 12, 15, 15, 15, 15, 15]
251 : 1474 [2, 2, 3, 3, 4, 5, 5, 5, 10, 10, 10, 10, 10, 10, 10, 12, 12, 12, 15]
252 : 1475 [2, 2, 3, 3, 4, 4, 5, 6, 6, 10, 10, 12, 12, 12, 12, 12, 20]
253 : 1476 [2, 2, 2, 4, 4, 6, 6, 8, 8, 8, 12, 16, 16, 16, 16]
254 : 1477 [2, 2, 2, 6, 6, 8, 8, 8, 8, 8, 8, 8, 8, 8, 8, 8, 8, 15, 20]
255 : 1478 [2, 3, 3, 4, 4, 4, 4, 4, 4, 5, 6, 6, 10, 10, 10, 12, 12, 15, 15, 15]
256 : 1479 [2, 2, 3, 4, 4, 5, 5, 6, 6, 6, 6, 6, 10, 10, 10, 10, 20, 20]
257 : 1480 [2, 2, 2, 4, 4, 6, 8, 8, 8, 8, 10, 12, 15, 15, 15, 15]
258 : 1481 [2, 2, 3, 3, 3, 4, 5, 6, 10, 10, 12, 15, 20, 20]
259 : 1482 [2, 2, 3, 4, 4, 4, 6, 6, 6, 6, 6, 6, 12, 12, 12, 12, 15, 20]
260 : 1483 [2, 2, 3, 3, 3, 4, 5, 10, 10, 10, 12, 12, 12, 15, 15, 15]
261 : 1484 [2, 2, 3, 4, 4, 4, 5, 5, 5, 8, 8, 8, 8, 12, 12, 20, 20]
262 : 1485 [2, 2, 3, 4, 4, 6, 6, 6, 6, 6, 8, 8, 8, 8, 10, 10, 10, 10, 10, 10, 20]
263 : 1486 [2, 2, 3, 3, 3, 6, 7, 9, 9, 9, 9, 9, 9, 9, 9, 9, 14, 21]
264 : 1487 [2, 2, 3, 3, 6, 6, 6, 6, 6, 8, 8, 8, 8, 8, 8, 8, 8, 12, 15, 20]
265 : 1488 [2, 2, 3, 3, 4, 4, 6, 6, 6, 6, 6, 15, 15, 20, 20]
266 : 1489 [2, 2, 4, 5, 5, 5, 5, 6, 6, 8, 8, 8, 8, 8, 8, 8, 8, 8, 8, 8, 8, 10, 10, 10, 15]
267 : 1490 [2, 2, 3, 3, 4, 4, 6, 6, 6, 6, 10, 12, 12, 15, 15, 15, 15]
268 : 1491 [2, 2, 2, 3, 4, 7, 8, 8, 8, 14, 21, 24]
269 : 1492 [2, 2, 3, 3, 5, 5, 6, 6, 6, 6, 6, 6, 10, 10, 10, 30]
270 : 1493 [2, 3, 3, 3, 4, 4, 5, 5, 5, 5, 5, 6, 10, 10, 10, 10, 10, 12, 15, 20]
271 : 1494 [2, 2, 2, 4, 5, 5, 6, 6, 10, 10, 10, 10, 12, 20, 20]
272 : 1495 [2, 2, 5, 5, 5, 5, 5, 5, 5, 5, 5, 5, 6, 10, 10, 10, 10, 12, 12, 12, 12, 15]
273 : 1496 [2, 2, 2, 3, 7, 7, 7, 8, 8, 8, 8, 12, 12, 28]
274 : 1497 [2, 2, 2, 4, 4, 6, 6, 6, 12, 12, 12, 12, 12, 15, 20]
275 : 1498 [2, 2, 4, 4, 4, 4, 4, 4, 6, 6, 6, 6, 15, 15, 20, 20]
276 : 1499 [2, 3, 3, 3, 3, 5, 5, 5, 6, 6, 8, 8, 8, 8, 8, 8, 8, 8, 20, 20]
277 : 1500 [2, 2, 2, 4, 6, 6, 8, 8, 8, 8, 10, 10, 10, 10, 10, 10, 12, 20]
278 : 1501 [2, 2, 2, 3, 6, 6, 6, 7, 7, 14, 14, 21, 21]
279 : 1502 [2, 2, 3, 4, 5, 5, 5, 5, 5, 5, 7, 7, 7, 10, 12, 12, 28]
280 : 1503 [2, 2, 2, 3, 4, 6, 6, 12, 15, 15, 20, 20]
281 : 1504 [2, 2, 3, 3, 4, 4, 4, 5, 6, 10, 12, 15, 30]
282 : 1505 [2, 2, 2, 3, 4, 6, 10, 12, 12, 12, 15, 15, 15, 15]
283 : 1506 [2, 2, 2, 4, 4, 8, 8, 8, 8, 9, 9, 12, 12, 12, 12, 12, 18]
284 : 1507 [2, 2, 4, 4, 4, 4, 4, 4, 6, 8, 8, 8, 8, 9, 9, 15, 18, 20]
285 : 1508 [2, 2, 3, 5, 5, 5, 5, 5, 5, 6, 6, 8, 8, 8, 8, 10, 12, 12, 15, 20]
286 : 1509 [2, 2, 3, 3, 4, 4, 5, 5, 5, 12, 12, 12, 12, 20, 20]
287 : 1510 [2, 2, 3, 3, 4, 6, 6, 6, 6, 6, 10, 10, 10, 10, 10, 10, 12, 12, 20]
288 : 1511 [2, 2, 3, 3, 4, 4, 4, 4, 14, 14, 14, 14, 14, 21]
289 : 1512 [2, 2, 2, 5, 5, 5, 5, 5, 5, 15, 15, 30]
290 : 1513 [2, 3, 5, 5, 5, 5, 5, 5, 5, 5, 5, 5, 5, 5, 5, 5, 10, 10, 10, 10, 10, 10, 10, 15, 15]
291 : 1514 [2, 2, 2, 5, 6, 6, 6, 6, 6, 6, 6, 10, 15, 30]
292 : 1515 [2, 2, 3, 3, 4, 4, 5, 8, 8, 8, 8, 10, 10, 12, 12, 12, 12, 20]
293 : 1516 [2, 2, 2, 4, 4, 8, 8, 8, 8, 8, 8, 8, 16, 16, 16, 16]
294 : 1517 [2, 2, 4, 6, 6, 6, 6, 6, 6, 6, 6, 6, 6, 6, 6, 6, 8, 8, 8, 8, 12, 15, 20]
295 : 1518 [2, 2, 3, 3, 3, 6, 6, 6, 10, 10, 10, 10, 10, 10, 10, 15, 15, 15]
296 : 1519 [2, 2, 4, 4, 4, 4, 5, 5, 6, 6, 10, 10, 10, 10, 10, 10, 10, 10, 10, 10, 10, 15]
297 : 1520 [2, 2, 3, 4, 4, 4, 5, 6, 6, 6, 6, 7, 10, 10, 14, 20, 21]
298 : 1521 [2, 2, 3, 3, 3, 5, 5, 9, 9, 10, 10, 10, 10, 10, 15, 15, 18]
299 : 1522 [2, 2, 2, 3, 6, 6, 6, 8, 8, 8, 15, 20, 24]
300 : 1523 [2, 4, 4, 5, 5, 5, 5, 5, 5, 6, 6, 6, 6, 6, 6, 6, 6, 6, 6, 6, 6, 6, 10, 12, 15, 20]
301 : 1524 [2, 3, 3, 3, 3, 4, 5, 5, 5, 6, 10, 10, 10, 10, 10, 10, 10, 12, 12, 12, 15]
302 : 1525 [2, 2, 2, 3, 6, 6, 10, 10, 10, 10, 10, 10, 12, 12, 12, 20]
303 : 1526 [2, 2, 2, 6, 6, 6, 6, 6, 6, 6, 7, 12, 12, 12, 12, 14, 21]
304 : 1527 [2, 2, 3, 3, 6, 6, 6, 8, 8, 8, 8, 8, 8, 8, 8, 8, 8, 8, 8, 15, 20]
305 : 1528 [2, 2, 2, 4, 5, 5, 5, 5, 10, 10, 20, 20, 20]
306 : 1529 [2, 3, 3, 3, 4, 4, 5, 5, 6, 6, 6, 6, 6, 6, 10, 10, 10, 10, 20, 20]
307 : 1530 [2, 2, 3, 3, 3, 3, 9, 9, 10, 15, 15, 15, 15, 18]
308 : 1531 [2, 2, 2, 3, 4, 9, 9, 12, 12, 12, 12, 12, 12, 12, 18]
309 : 1532 [2, 2, 3, 4, 4, 4, 4, 4, 6, 9, 9, 12, 12, 15, 18, 20]
310 : 1533 [2, 3, 3, 3, 3, 3, 4, 5, 6, 10, 10, 10, 12, 12, 12, 15, 15, 15]
311 : 1534 [2, 2, 2, 4, 5, 5, 8, 8, 8, 8, 10, 10, 10, 10, 20, 20]
312 : 1535 [2, 2, 2, 4, 4, 5, 6, 7, 10, 10, 12, 14, 20, 21]
313 : 1536 [2, 2, 2, 6, 8, 8, 8, 8, 8, 8, 8, 8, 8, 8, 8, 8, 12, 12, 12, 12, 12]
314 : 1537 [2, 2, 2, 4, 4, 6, 8, 8, 8, 8, 12, 12, 12, 12, 15, 20]
315 : 1538 [2, 3, 3, 3, 3, 4, 4, 6, 6, 6, 6, 6, 6, 15, 15, 20, 20]
316 : 1539 [2, 3, 3, 4, 5, 5, 5, 5, 6, 6, 6, 8, 8, 8, 8, 8, 8, 8, 8, 8, 8, 8, 8, 10, 10, 10, 15]
317 : 1540 [2, 2, 2, 4, 8, 8, 8, 8, 8, 8, 8, 8, 10, 10, 10, 10, 10, 10, 20]
318 : 1541 [2, 2, 2, 3, 4, 8, 8, 8, 12, 12, 16, 16, 16, 16]
319 : 1542 [2, 2, 2, 4, 4, 9, 9, 9, 9, 9, 9, 9, 9, 9, 12, 15, 20]
320 : 1543 [2, 2, 2, 3, 4, 8, 8, 8, 8, 15, 15, 20, 20]
321 : 1544 [2, 2, 3, 3, 4, 5, 5, 6, 6, 6, 10, 10, 10, 10, 12, 20, 20]
322 : 1545 [2, 2, 4, 4, 4, 5, 6, 6, 6, 6, 6, 6, 6, 6, 10, 10, 12, 12, 12, 12, 20]
323 : 1546 [2, 2, 3, 3, 3, 6, 7, 7, 7, 8, 8, 8, 8, 12, 12, 28]
324 : 1547 [2, 2, 3, 3, 4, 4, 6, 6, 6, 6, 12, 12, 12, 12, 12, 15, 20]
325 : 1548 [2, 2, 3, 5, 5, 5, 5, 5, 5, 8, 8, 8, 8, 8, 8, 8, 8, 10, 12, 15, 20]
326 : 1549 [2, 2, 2, 5, 5, 5, 5, 8, 8, 8, 10, 10, 10, 12, 15, 24]
327 : 1550 [2, 2, 3, 3, 4, 6, 6, 6, 8, 8, 8, 8, 10, 10, 10, 10, 10, 10, 12, 20]
328 : 1551 [2, 2, 2, 3, 6, 6, 9, 9, 9, 9, 9, 9, 18, 18, 18]
329 : 1552 [2, 2, 4, 4, 5, 5, 5, 5, 8, 8, 8, 8, 8, 8, 8, 8, 10, 10, 10, 10, 10, 10, 10, 10, 10]
330 : 1553 [2, 2, 3, 3, 3, 4, 6, 6, 6, 12, 15, 15, 20, 20]
331 : 1554 [2, 2, 3, 4, 4, 5, 5, 5, 6, 6, 6, 6, 9, 9, 18, 20, 20]
332 : 1555 [2, 2, 3, 3, 3, 4, 6, 6, 10, 12, 12, 12, 15, 15, 15, 15]
333 : 1556 [2, 2, 2, 4, 4, 6, 6, 12, 12, 12, 12, 12, 12, 12, 12, 12, 12]
334 : 1557 [2, 2, 4, 4, 4, 4, 4, 4, 6, 6, 6, 12, 12, 12, 12, 12, 15, 20]
335 : 1558 [2, 2, 4, 4, 4, 5, 5, 5, 5, 5, 6, 6, 6, 12, 15, 15, 15, 15, 15]
336 : 1559 [2, 2, 2, 3, 5, 5, 10, 10, 10, 10, 12, 12, 20, 20]
337 : 1560 [2, 2, 3, 3, 4, 4, 4, 9, 9, 10, 10, 10, 10, 10, 10, 18, 20]
338 : 1561 [2, 2, 2, 4, 6, 8, 8, 8, 9, 9, 9, 9, 9, 9, 9, 9, 9, 24]
339 : 1562 [2, 2, 2, 3, 4, 6, 12, 12, 12, 12, 12, 12, 15, 20]
340 : 1563 [2, 2, 3, 4, 4, 4, 4, 4, 6, 6, 12, 15, 15, 20, 20]
341 : 1564 [2, 2, 3, 3, 5, 6, 6, 6, 6, 6, 6, 6, 6, 10, 15, 30]
342 : 1565 [2, 2, 2, 3, 8, 8, 8, 8, 10, 10, 10, 10, 10, 10, 12, 12, 20]
343 : 1566 [2, 2, 2, 4, 5, 6, 6, 6, 6, 10, 10, 12, 15, 20, 20]
344 : 1567 [2, 2, 3, 4, 4, 4, 5, 5, 6, 6, 6, 10, 10, 10, 12, 30]
345 : 1568 [2, 2, 2, 3, 3, 12, 12, 15, 15, 20, 20]
346 : 1569 [2, 2, 2, 4, 5, 5, 5, 6, 9, 9, 12, 18, 20, 20]
347 : 1570 [2, 2, 3, 3, 4, 4, 8, 8, 8, 8, 8, 8, 8, 8, 10, 15, 15, 15, 15]
348 : 1571 [2, 2, 2, 4, 5, 5, 5, 9, 9, 10, 12, 12, 12, 15, 15, 18]
349 : 1572 [2, 2, 3, 3, 3, 6, 6, 6, 6, 8, 8, 8, 15, 20, 24]
350 : 1573 [2, 3, 4, 5, 5, 5, 5, 5, 5, 5, 5, 5, 5, 5, 5, 6, 10, 10, 12, 12, 12, 12, 12, 12, 12]
351 : 1574 [2, 2, 3, 4, 4, 5, 5, 5, 5, 6, 10, 10, 10, 12, 12, 12, 12, 12, 12, 15]
352 : 1575 [2, 2, 2, 4, 5, 6, 8, 8, 8, 8, 9, 9, 10, 10, 12, 18, 20]
353 : 1576 [2, 2, 2, 4, 4, 4, 7, 7, 12, 14, 14, 21, 21]
354 : 1577 [2, 2, 3, 4, 5, 5, 5, 5, 8, 8, 8, 8, 10, 10, 10, 10, 10, 10, 10, 10, 10, 12, 12]
355 : 1578 [2, 2, 3, 3, 4, 5, 5, 5, 5, 6, 10, 10, 20, 20, 20]
356 : 1579 [2, 2, 4, 4, 4, 5, 5, 5, 6, 6, 6, 6, 6, 6, 12, 12, 12, 20, 20]
357 : 1580 [2, 2, 3, 3, 4, 5, 5, 5, 5, 10, 10, 10, 12, 12, 15, 15, 20]
358 : 1581 [2, 2, 2, 3, 6, 6, 8, 8, 8, 12, 12, 12, 12, 12, 24]
359 : 1582 [2, 2, 2, 4, 4, 5, 5, 10, 10, 10, 12, 12, 30]
360 : 1583 [2, 3, 3, 5, 5, 5, 5, 5, 5, 5, 5, 5, 5, 5, 7, 10, 10, 10, 10, 10, 10, 14, 21]
361 : 1584 [2, 2, 3, 3, 4, 5, 5, 6, 8, 8, 8, 8, 10, 10, 10, 10, 20, 20]
362 : 1585 [2, 2, 2, 5, 6, 6, 6, 6, 6, 8, 8, 8, 10, 10, 20, 24]
363 : 1586 [2, 2, 2, 3, 6, 6, 6, 6, 14, 14, 14, 14, 14, 21]
364 : 1587 [2, 2, 3, 3, 3, 3, 9, 9, 12, 12, 12, 15, 18, 20]
365 : 1588 [2, 2, 4, 4, 4, 4, 4, 5, 5, 5, 5, 10, 10, 20, 20, 20]
366 : 1589 [2, 3, 5, 5, 5, 6, 6, 6, 6, 6, 6, 6, 6, 6, 6, 6, 6, 6, 6, 6, 6, 10, 10, 10, 10, 10, 10, 10, 15]
367 : 1590 [2, 2, 3, 3, 4, 6, 8, 8, 8, 8, 8, 8, 8, 8, 10, 10, 10, 10, 10, 10, 20]
368 : 1591 [2, 2, 2, 6, 6, 6, 6, 6, 6, 7, 7, 7, 12, 12, 12, 28]
369 : 1592 [2, 2, 3, 3, 4, 4, 6, 9, 9, 9, 9, 9, 9, 9, 9, 9, 12, 15, 20]
370 : 1593 [2, 2, 3, 3, 3, 4, 6, 8, 8, 8, 8, 15, 15, 20, 20]
371 : 1594 [2, 2, 4, 4, 4, 4, 4, 5, 5, 8, 8, 8, 8, 10, 10, 10, 10, 20, 20]
372 : 1595 [2, 2, 3, 3, 3, 4, 8, 8, 8, 8, 10, 12, 12, 15, 15, 15, 15]
373 : 1596 [2, 2, 2, 4, 4, 8, 8, 8, 8, 12, 12, 12, 12, 12, 12, 12, 12, 12]
374 : 1597 [2, 2, 2, 4, 4, 4, 8, 8, 8, 12, 15, 20, 24]
375 : 1598 [2, 2, 4, 4, 4, 5, 5, 5, 5, 5, 6, 8, 8, 8, 8, 15, 15, 15, 15, 15]
376 : 1599 [2, 2, 3, 3, 5, 5, 5, 5, 6, 8, 8, 8, 10, 10, 10, 12, 15, 24]
377 : 1600 [2, 2, 2, 3, 5, 6, 9, 9, 10, 10, 12, 12, 12, 18, 20]
378 : 1601 [2, 2, 3, 3, 3, 6, 6, 6, 9, 9, 9, 9, 9, 9, 18, 18, 18]
379 : 1602 [2, 2, 2, 4, 5, 5, 5, 6, 10, 12, 12, 15, 15, 15, 20]
380 : 1603 [2, 2, 2, 6, 6, 6, 6, 6, 6, 10, 10, 10, 10, 10, 10, 10, 15, 15, 15]
381 : 1604 [2, 3, 3, 3, 4, 4, 5, 5, 5, 6, 6, 6, 6, 6, 9, 9, 18, 20, 20]
382 : 1605 [2, 2, 5, 5, 5, 5, 5, 5, 5, 5, 5, 5, 6, 7, 10, 10, 10, 10, 14, 15, 21]
383 : 1606 [2, 2, 2, 4, 5, 6, 6, 8, 8, 8, 8, 10, 10, 15, 20, 20]
384 : 1607 [2, 2, 2, 4, 4, 6, 6, 6, 7, 12, 14, 15, 20, 21]
385 : 1608 [2, 2, 2, 4, 5, 6, 8, 8, 8, 8, 10, 10, 10, 12, 12, 15, 15, 15]
386 : 1609 [2, 2, 2, 5, 5, 5, 5, 9, 9, 9, 9, 10, 10, 10, 15, 18, 18]
387 : 1610 [2, 2, 3, 4, 4, 5, 6, 6, 6, 6, 6, 6, 10, 10, 12, 12, 12, 12, 12, 20]
388 : 1611 [2, 2, 3, 3, 3, 5, 5, 10, 10, 10, 10, 10, 12, 12, 12, 12, 15, 15]
389 : 1612 [2, 2, 3, 3, 3, 4, 6, 6, 12, 12, 12, 12, 12, 12, 15, 20]
390 : 1613 [2, 3, 3, 3, 4, 4, 4, 4, 4, 6, 6, 6, 12, 15, 15, 20, 20]
391 : 1614 [2, 2, 3, 5, 5, 5, 5, 5, 5, 5, 5, 6, 7, 14, 15, 15, 15, 21]
392 : 1615 [2, 2, 2, 3, 6, 6, 6, 9, 9, 10, 15, 15, 15, 15, 18]
393 : 1616 [2, 2, 2, 4, 4, 6, 8, 8, 8, 8, 8, 8, 24, 24]
394 : 1617 [2, 2, 4, 4, 4, 6, 6, 6, 6, 6, 6, 6, 6, 6, 6, 12, 12, 12, 12, 15, 20]
395 : 1618 [2, 2, 3, 3, 3, 3, 6, 12, 12, 15, 15, 20, 20]
396 : 1619 [2, 2, 3, 3, 4, 4, 5, 5, 5, 7, 14, 20, 20, 21]
397 : 1620 [2, 2, 3, 3, 3, 3, 10, 12, 12, 12, 12, 15, 15, 15, 15]
398 : 1621 [2, 2, 2, 3, 4, 12, 12, 12, 12, 12, 12, 12, 12, 12, 12, 12]
399 : 1622 [2, 2, 3, 4, 4, 4, 4, 4, 6, 12, 12, 12, 12, 12, 12, 15, 20]
400 : 1623 [2, 2, 3, 4, 4, 5, 5, 5, 5, 5, 6, 12, 12, 15, 15, 15, 15, 15]
401 : 1624 [2, 2, 2, 5, 5, 5, 6, 10, 10, 10, 10, 10, 10, 10, 12, 12, 12, 12, 15]
402 : 1625 [2, 2, 2, 4, 5, 6, 6, 6, 10, 10, 12, 12, 12, 12, 12, 12, 20]
403 : 1626 [2, 2, 2, 4, 6, 6, 6, 6, 7, 8, 8, 8, 14, 21, 24]
404 : 1627 [2, 2, 3, 3, 4, 4, 8, 8, 8, 8, 8, 8, 8, 8, 12, 12, 12, 15, 20]
405 : 1628 [2, 2, 3, 3, 4, 4, 4, 4, 12, 12, 15, 15, 20, 20]
406 : 1629 [2, 2, 4, 4, 4, 4, 4, 5, 5, 5, 6, 9, 9, 12, 18, 20, 20]
407 : 1630 [2, 3, 3, 3, 3, 4, 5, 5, 5, 5, 6, 10, 10, 10, 12, 12, 15, 15, 20]
408 : 1631 [2, 2, 2, 3, 5, 6, 6, 10, 10, 12, 12, 15, 20, 20]
409 : 1632 [2, 2, 3, 3, 4, 4, 5, 5, 6, 10, 10, 10, 12, 12, 30]
410 : 1633 [2, 2, 2, 3, 5, 6, 10, 10, 10, 12, 12, 12, 12, 15, 15, 15]
411 : 1634 [2, 3, 3, 3, 3, 4, 5, 5, 6, 6, 8, 8, 8, 8, 10, 10, 10, 10, 20, 20]
412 : 1635 [2, 2, 3, 3, 5, 6, 6, 6, 6, 6, 6, 8, 8, 8, 10, 10, 20, 24]
413 : 1636 [2, 2, 2, 6, 6, 6, 6, 6, 6, 6, 7, 7, 14, 14, 21, 21]
414 : 1637 [2, 2, 3, 5, 5, 5, 5, 5, 5, 6, 6, 6, 7, 10, 12, 12, 12, 12, 14, 21]
415 : 1638 [2, 2, 2, 4, 6, 6, 6, 6, 6, 6, 12, 15, 15, 20, 20]
416 : 1639 [2, 2, 3, 4, 4, 4, 5, 6, 6, 6, 6, 6, 10, 12, 15, 30]
417 : 1640 [2, 2, 2, 4, 6, 6, 6, 6, 6, 10, 12, 12, 12, 15, 15, 15, 15]
418 : 1641 [2, 2, 2, 3, 4, 6, 8, 8, 12, 12, 24, 24]
419 : 1642 [2, 2, 3, 5, 5, 5, 5, 5, 5, 5, 10, 10, 10, 10, 10, 10, 10, 10, 10, 10, 15, 15]
420 : 1643 [2, 2, 3, 4, 5, 5, 5, 5, 5, 6, 6, 10, 10, 10, 10, 10, 12, 12, 15, 20]
421 : 1644 [2, 2, 3, 4, 4, 5, 5, 5, 6, 6, 6, 6, 12, 12, 12, 12, 20, 20]
422 : 1645 [2, 2, 3, 4, 6, 6, 6, 6, 6, 6, 6, 6, 6, 10, 10, 10, 10, 10, 10, 12, 12, 20]
423 : 1646 [2, 2, 2, 6, 7, 8, 8, 8, 8, 8, 8, 8, 8, 8, 8, 8, 8, 12, 14, 21]
424 : 1647 [2, 2, 2, 4, 4, 6, 7, 8, 8, 8, 8, 14, 15, 20, 21]
425 : 1648 [2, 3, 3, 4, 4, 4, 5, 5, 5, 5, 5, 6, 6, 8, 8, 8, 8, 15, 15, 15, 15, 15]
426 : 1649 [2, 2, 3, 4, 5, 5, 5, 6, 6, 8, 8, 8, 8, 10, 10, 10, 10, 10, 10, 10, 12, 12, 15]
427 : 1650 [2, 2, 3, 3, 3, 4, 5, 7, 10, 10, 12, 12, 14, 20, 21]
428 : 1651 [2, 2, 3, 3, 4, 4, 9, 9, 9, 9, 9, 9, 9, 9, 9, 12, 12, 12, 12, 12, 12]
429 : 1652 [2, 2, 3, 3, 3, 4, 8, 8, 8, 8, 12, 12, 12, 12, 12, 15, 20]
430 : 1653 [2, 2, 3, 3, 6, 6, 6, 6, 6, 6, 6, 10, 10, 10, 10, 10, 10, 10, 15, 15, 15]
431 : 1654 [2, 2, 2, 4, 4, 5, 6, 6, 10, 12, 12, 15, 30]
432 : 1655 [2, 2, 3, 4, 4, 5, 6, 6, 6, 9, 9, 9, 9, 9, 9, 9, 9, 9, 10, 10, 12, 20]
433 : 1656 [2, 2, 2, 4, 8, 8, 8, 8, 8, 8, 8, 8, 9, 9, 9, 9, 12, 18, 18]
434 : 1657 [2, 2, 2, 4, 4, 4, 9, 9, 9, 9, 15, 18, 18, 20]
435 : 1658 [2, 2, 3, 3, 4, 5, 6, 6, 8, 8, 8, 8, 10, 10, 10, 12, 12, 15, 15, 15]
436 : 1659 [2, 2, 2, 4, 5, 5, 5, 6, 12, 12, 12, 12, 12, 20, 20]
437 : 1660 [2, 2, 2, 6, 6, 6, 6, 6, 6, 10, 10, 10, 10, 10, 10, 12, 12, 12, 20]
438 : 1661 [2, 2, 2, 4, 4, 4, 6, 12, 14, 14, 14, 14, 14, 21]
439 : 1662 [2, 2, 3, 5, 5, 5, 5, 5, 6, 6, 6, 8, 8, 8, 10, 10, 10, 10, 10, 12, 24]
440 : 1663 [2, 2, 4, 4, 4, 4, 6, 6, 6, 6, 6, 6, 10, 10, 10, 10, 10, 10, 10, 15, 15, 15]
441 : 1664 [2, 3, 3, 3, 4, 4, 5, 5, 5, 5, 8, 8, 8, 8, 10, 10, 10, 12, 12, 12, 12, 12, 15]
442 : 1665 [2, 2, 2, 3, 5, 5, 5, 12, 15, 20, 20, 20]
443 : 1666 [2, 2, 2, 4, 4, 6, 6, 7, 12, 12, 12, 12, 12, 12, 14, 21]
444 : 1667 [2, 2, 4, 4, 4, 4, 4, 4, 6, 6, 6, 7, 12, 14, 15, 20, 21]
445 : 1668 [2, 2, 4, 4, 4, 4, 4, 5, 6, 8, 8, 8, 8, 10, 10, 10, 12, 12, 15, 15, 15]
446 : 1669 [2, 2, 2, 4, 4, 5, 10, 10, 10, 10, 10, 10, 10, 10, 20, 20]
447 : 1670 [2, 2, 2, 4, 5, 9, 9, 9, 9, 9, 9, 9, 9, 9, 10, 10, 12, 12, 20]
448 : 1671 [2, 2, 2, 3, 5, 8, 8, 8, 8, 10, 10, 12, 15, 20, 20]
449 : 1672 [2, 2, 2, 3, 4, 6, 7, 12, 12, 14, 15, 20, 21]
450 : 1673 [2, 2, 2, 5, 5, 5, 5, 6, 10, 10, 10, 10, 15, 15, 15, 15, 15]
451 : 1674 [2, 2, 3, 3, 5, 5, 5, 6, 6, 10, 10, 10, 10, 10, 10, 10, 12, 12, 12, 12, 15]
452 : 1675 [2, 2, 3, 3, 4, 5, 6, 6, 6, 6, 10, 10, 12, 12, 12, 12, 12, 12, 20]
453 : 1676 [2, 2, 2, 4, 6, 6, 6, 6, 8, 8, 8, 12, 12, 16, 16, 16, 16]
454 : 1677 [2, 2, 3, 3, 3, 3, 12, 12, 12, 12, 12, 12, 12, 15, 20]
455 : 1678 [2, 2, 2, 4, 6, 6, 6, 6, 8, 8, 8, 8, 15, 15, 20, 20]
456 : 1679 [2, 2, 3, 4, 4, 4, 5, 6, 6, 6, 8, 8, 8, 8, 10, 15, 30]
457 : 1680 [2, 2, 2, 4, 6, 6, 6, 8, 8, 8, 8, 10, 12, 12, 15, 15, 15, 15]
458 : 1681 [2, 2, 2, 3, 8, 8, 8, 8, 9, 9, 9, 9, 12, 12, 12, 18, 18]
459 : 1682 [2, 2, 2, 3, 5, 5, 6, 15, 15, 15, 15, 15, 15, 15]
460 : 1683 [2, 2, 3, 3, 3, 5, 6, 6, 10, 10, 10, 12, 12, 12, 12, 15, 15, 15]
461 : 1684 [2, 2, 3, 3, 3, 5, 5, 5, 9, 9, 12, 12, 18, 20, 20]
462 : 1685 [2, 2, 3, 4, 6, 6, 6, 6, 6, 6, 6, 8, 8, 8, 8, 10, 10, 10, 10, 10, 10, 12, 20]
463 : 1686 [2, 2, 2, 6, 6, 6, 6, 6, 6, 9, 9, 9, 9, 9, 9, 18, 18, 18]
464 : 1687 [2, 2, 2, 4, 6, 8, 8, 8, 8, 8, 8, 8, 8, 9, 9, 15, 18, 20]
465 : 1688 [2, 2, 3, 3, 4, 6, 6, 6, 6, 6, 6, 6, 12, 15, 15, 20, 20]
466 : 1689 [2, 2, 3, 4, 4, 5, 5, 5, 6, 9, 9, 9, 9, 9, 9, 9, 9, 9, 20, 20]
467 : 1690 [2, 2, 2, 3, 5, 6, 10, 10, 12, 12, 12, 12, 12, 12, 12, 20]
468 : 1691 [2, 2, 2, 3, 6, 6, 7, 8, 8, 8, 12, 14, 21, 24]
469 : 1692 [2, 2, 3, 3, 4, 5, 5, 5, 8, 8, 8, 8, 10, 12, 15, 15, 15, 20]
470 : 1693 [2, 2, 3, 4, 4, 4, 4, 5, 6, 10, 10, 10, 12, 12, 12, 12, 15, 15, 15]
471 : 1694 [2, 2, 2, 4, 4, 5, 8, 8, 8, 8, 10, 12, 15, 30]
472 : 1695 [2, 2, 3, 4, 4, 4, 6, 6, 6, 6, 9, 9, 10, 10, 10, 10, 10, 10, 18, 20]
473 : 1696 [2, 2, 2, 5, 5, 6, 6, 6, 10, 10, 10, 10, 10, 12, 12, 12, 12, 15, 15]
474 : 1697 [2, 2, 2, 4, 6, 6, 6, 6, 6, 12, 12, 12, 12, 12, 12, 15, 20]
475 : 1698 [2, 2, 3, 3, 4, 5, 8, 8, 8, 8, 8, 8, 8, 8, 10, 10, 10, 12, 15, 15, 15]
476 : 1699 [2, 2, 2, 5, 5, 5, 5, 9, 9, 10, 10, 10, 12, 12, 12, 12, 15, 18]
477 : 1700 [2, 2, 2, 6, 6, 6, 6, 8, 8, 8, 8, 10, 10, 10, 10, 10, 10, 12, 12, 20]
478 : 1701 [2, 2, 3, 4, 4, 4, 4, 4, 6, 8, 8, 12, 12, 24, 24]
479 : 1702 [2, 2, 3, 4, 5, 5, 5, 5, 5, 6, 10, 10, 10, 10, 10, 12, 12, 12, 12, 12, 12, 12]
480 : 1703 [2, 2, 2, 3, 6, 6, 6, 6, 12, 12, 15, 15, 20, 20]
481 : 1704 [2, 2, 3, 3, 4, 4, 5, 6, 6, 6, 10, 12, 12, 15, 30]
482 : 1705 [2, 2, 2, 3, 6, 6, 6, 10, 12, 12, 12, 12, 15, 15, 15, 15]
483 : 1706 [2, 2, 2, 4, 4, 7, 8, 8, 8, 8, 12, 12, 12, 12, 12, 14, 21]
484 : 1707 [2, 2, 3, 3, 4, 4, 4, 6, 9, 9, 9, 9, 15, 18, 18, 20]
485 : 1708 [2, 2, 3, 3, 5, 5, 5, 5, 5, 10, 10, 10, 10, 10, 12, 12, 12, 15, 20]
486 : 1709 [2, 2, 3, 3, 4, 5, 5, 5, 6, 6, 12, 12, 12, 12, 12, 20, 20]
487 : 1710 [2, 2, 2, 4, 4, 6, 9, 9, 10, 10, 10, 10, 10, 10, 12, 18, 20]
488 : 1711 [2, 2, 2, 4, 6, 9, 9, 9, 9, 9, 9, 9, 9, 9, 9, 9, 12, 12, 12, 18]
489 : 1712 [2, 2, 2, 3, 6, 8, 8, 8, 8, 9, 9, 12, 12, 15, 18, 20]
490 : 1713 [2, 2, 3, 4, 5, 5, 5, 5, 6, 6, 6, 6, 6, 10, 10, 20, 20, 20]
491 : 1714 [2, 2, 3, 3, 5, 5, 5, 8, 8, 8, 8, 10, 10, 10, 10, 10, 10, 10, 12, 12, 12, 15]
492 : 1715 [2, 2, 3, 3, 3, 5, 5, 5, 6, 12, 15, 20, 20, 20]
493 : 1716 [2, 2, 2, 4, 6, 6, 8, 8, 8, 8, 8, 8, 8, 12, 16, 16, 16, 16]
494 : 1717 [2, 2, 3, 3, 3, 5, 5, 5, 10, 12, 12, 12, 15, 15, 15, 20]
495 : 1718 [2, 2, 3, 4, 5, 5, 5, 5, 5, 5, 6, 9, 9, 10, 12, 12, 15, 18, 20]
496 : 1719 [2, 2, 2, 3, 4, 5, 10, 12, 12, 12, 15, 30]
497 : 1720 [2, 2, 2, 4, 6, 8, 8, 8, 8, 8, 8, 8, 8, 10, 12, 15, 15, 15, 15]
498 : 1721 [2, 2, 2, 4, 4, 4, 6, 10, 15, 15, 15, 15, 15, 20]
499 : 1722 [2, 2, 3, 3, 3, 4, 6, 6, 7, 12, 12, 14, 15, 20, 21]
500 : 1723 [2, 2, 3, 3, 3, 5, 8, 8, 8, 8, 10, 10, 10, 12, 12, 12, 15, 15, 15]
501 : 1724 [2, 2, 3, 4, 4, 5, 5, 5, 8, 8, 8, 8, 8, 8, 8, 8, 12, 12, 20, 20]
502 : 1725 [2, 2, 2, 4, 4, 5, 8, 8, 8, 10, 10, 12, 12, 20, 24]
503 : 1726 [2, 2, 2, 4, 4, 4, 7, 7, 14, 14, 14, 14, 28]
504 : 1727 [2, 2, 3, 4, 4, 6, 6, 6, 6, 6, 9, 9, 9, 9, 9, 9, 9, 9, 9, 12, 15, 20]
505 : 1728 [2, 2, 2, 5, 5, 5, 5, 6, 6, 10, 10, 12, 20, 20, 20]
506 : 1729 [2, 2, 4, 4, 4, 4, 4, 4, 5, 10, 10, 10, 10, 10, 10, 10, 10, 20, 20]
507 : 1730 [2, 2, 2, 5, 5, 5, 5, 6, 10, 10, 10, 12, 12, 12, 15, 15, 20]
508 : 1731 [2, 2, 2, 3, 3, 9, 18, 18, 18, 18, 18]
509 : 1732 [2, 2, 3, 3, 3, 5, 5, 6, 6, 15, 15, 15, 15, 15, 15, 15]
510 : 1733 [2, 2, 4, 4, 4, 4, 5, 5, 5, 5, 6, 10, 10, 10, 10, 15, 15, 15, 15, 15]
511 : 1734 [2, 2, 2, 5, 5, 5, 6, 7, 10, 10, 10, 10, 10, 10, 10, 14, 15, 21]
512 : 1735 [2, 2, 2, 4, 5, 6, 6, 6, 7, 10, 10, 12, 12, 14, 20, 21]
513 : 1736 [2, 2, 2, 5, 5, 6, 8, 8, 8, 8, 10, 10, 10, 10, 10, 12, 12, 12, 15, 15]
514 : 1737 [2, 2, 2, 3, 4, 7, 7, 7, 12, 15, 20, 28]
515 : 1738 [2, 2, 4, 4, 4, 4, 4, 6, 6, 6, 6, 8, 8, 8, 8, 15, 15, 20, 20]
516 : 1739 [2, 2, 4, 5, 5, 5, 5, 5, 5, 5, 5, 6, 6, 8, 8, 8, 15, 15, 15, 24]
517 : 1740 [2, 2, 2, 6, 6, 8, 8, 8, 8, 8, 8, 8, 8, 10, 10, 10, 10, 10, 10, 12, 20]
518 : 1741 [2, 2, 2, 3, 6, 6, 8, 8, 8, 12, 12, 12, 16, 16, 16, 16]
519 : 1742 [2, 2, 2, 4, 6, 6, 9, 9, 9, 9, 9, 9, 9, 9, 9, 12, 12, 15, 20]
520 : 1743 [2, 2, 2, 3, 5, 6, 7, 10, 10, 10, 14, 15, 15, 15, 21]
521 : 1744 [2, 2, 3, 3, 4, 4, 5, 6, 8, 8, 8, 8, 10, 12, 15, 30]
522 : 1745 [2, 2, 2, 3, 6, 8, 8, 8, 8, 10, 12, 12, 12, 15, 15, 15, 15]
523 : 1746 [2, 2, 2, 4, 8, 8, 8, 8, 8, 8, 8, 8, 9, 9, 12, 12, 12, 12, 12, 18]
524 : 1747 [2, 2, 2, 4, 4, 4, 9, 9, 12, 12, 12, 12, 15, 18, 20]
525 : 1748 [2, 2, 2, 5, 5, 5, 5, 5, 9, 9, 15, 15, 15, 15, 15, 18]
526 : 1749 [2, 2, 3, 3, 4, 5, 5, 5, 8, 8, 8, 8, 12, 12, 12, 12, 20, 20]
527 : 1750 [2, 2, 2, 3, 9, 9, 9, 9, 9, 9, 9, 9, 9, 10, 15, 15, 15, 15]
528 : 1751 [2, 2, 2, 3, 6, 6, 7, 9, 9, 9, 9, 14, 18, 18, 21]
529 : 1752 [2, 2, 4, 4, 5, 5, 5, 5, 5, 5, 8, 8, 8, 8, 9, 9, 10, 12, 12, 12, 12, 12, 18]
530 : 1753 [2, 2, 3, 3, 3, 6, 6, 6, 6, 6, 12, 12, 15, 15, 20, 20]
531 : 1754 [2, 2, 2, 3, 6, 6, 6, 10, 10, 10, 10, 10, 15, 30]
532 : 1755 [2, 2, 3, 3, 3, 6, 6, 6, 6, 10, 12, 12, 12, 12, 15, 15, 15, 15]
533 : 1756 [2, 2, 2, 3, 6, 7, 7, 7, 8, 8, 8, 24, 28]
534 : 1757 [2, 2, 2, 3, 5, 5, 9, 9, 10, 10, 10, 18, 30]
535 : 1758 [2, 2, 4, 4, 5, 5, 5, 5, 5, 6, 6, 6, 6, 6, 12, 12, 15, 15, 15, 15, 15]
536 : 1759 [2, 2, 4, 4, 4, 4, 5, 5, 5, 5, 9, 9, 10, 10, 10, 12, 12, 12, 12, 15, 18]
537 : 1760 [2, 2, 3, 3, 4, 4, 4, 7, 10, 10, 10, 10, 10, 10, 14, 20, 21]
538 : 1761 [2, 2, 2, 4, 4, 4, 9, 9, 9, 9, 9, 36]
539 : 1762 [2, 2, 2, 3, 6, 6, 6, 12, 12, 12, 12, 12, 12, 12, 15, 20]
540 : 1763 [2, 2, 3, 4, 4, 4, 4, 6, 6, 6, 6, 12, 12, 15, 15, 20, 20]
541 : 1764 [2, 3, 3, 3, 3, 5, 5, 5, 6, 8, 8, 8, 8, 10, 10, 10, 10, 10, 10, 10, 12, 12, 12, 15]
542 : 1765 [2, 2, 3, 4, 4, 4, 4, 6, 6, 6, 10, 12, 12, 12, 12, 15, 15, 15, 15]
543 : 1766 [2, 2, 2, 4, 4, 6, 8, 8, 8, 9, 9, 12, 12, 12, 18, 24]
544 : 1767 [2, 2, 3, 4, 4, 5, 5, 6, 6, 6, 6, 6, 10, 10, 10, 12, 12, 30]
545 : 1768 [2, 2, 2, 5, 5, 5, 5, 8, 8, 8, 8, 10, 10, 20, 20, 20]
546 : 1769 [2, 2, 2, 4, 5, 5, 5, 6, 7, 12, 14, 20, 20, 21]
547 : 1770 [2, 2, 3, 3, 4, 6, 6, 8, 8, 8, 8, 8, 8, 8, 8, 10, 12, 15, 15, 15, 15]
548 : 1771 [2, 2, 2, 3, 8, 8, 8, 8, 9, 9, 12, 12, 12, 12, 12, 12, 12, 18]
549 : 1772 [2, 2, 3, 4, 4, 4, 4, 6, 8, 8, 8, 8, 9, 9, 12, 12, 15, 18, 20]
550 : 1773 [2, 3, 3, 3, 3, 3, 5, 6, 8, 8, 8, 8, 10, 10, 10, 12, 12, 12, 15, 15, 15]
551 : 1774 [2, 2, 2, 5, 5, 8, 8, 8, 8, 8, 8, 8, 8, 10, 10, 10, 10, 20, 20]
552 : 1775 [2, 2, 2, 4, 5, 6, 7, 8, 8, 8, 8, 10, 10, 12, 14, 20, 21]
553 : 1776 [2, 2, 2, 4, 4, 6, 6, 7, 7, 12, 12, 14, 14, 21, 21]
554 : 1777 [2, 2, 2, 4, 6, 8, 8, 8, 8, 8, 8, 8, 8, 12, 12, 12, 12, 15, 20]
555 : 1778 [2, 2, 2, 4, 4, 4, 6, 12, 12, 12, 15, 15, 20, 20]
556 : 1779 [2, 2, 3, 4, 4, 4, 4, 4, 5, 10, 12, 12, 12, 15, 30]
557 : 1780 [2, 2, 2, 4, 4, 4, 10, 12, 12, 12, 12, 12, 15, 15, 15, 15]
558 : 1781 [2, 2, 2, 3, 8, 8, 8, 8, 8, 8, 8, 12, 12, 16, 16, 16, 16]
559 : 1782 [2, 2, 2, 4, 5, 5, 6, 6, 10, 10, 10, 12, 12, 12, 30]
560 : 1783 [2, 2, 2, 3, 8, 8, 8, 8, 8, 8, 8, 8, 15, 15, 20, 20]
561 : 1784 [2, 2, 3, 3, 5, 5, 5, 6, 6, 7, 10, 10, 10, 10, 10, 10, 10, 14, 15, 21]
562 : 1785 [2, 2, 2, 4, 4, 5, 9, 9, 9, 9, 10, 10, 12, 18, 18, 20]
563 : 1786 [2, 2, 3, 3, 5, 5, 6, 6, 8, 8, 8, 8, 10, 10, 10, 10, 10, 12, 12, 12, 15, 15]
564 : 1787 [2, 2, 3, 3, 3, 3, 7, 12, 12, 12, 14, 15, 20, 21]
565 : 1788 [2, 2, 3, 6, 6, 6, 6, 6, 6, 6, 6, 6, 6, 6, 10, 10, 10, 10, 10, 10, 10, 15, 15, 15]
566 : 1789 [2, 2, 2, 5, 5, 5, 5, 10, 10, 10, 12, 12, 12, 12, 12, 12, 12, 12, 15]
567 : 1790 [2, 2, 3, 3, 6, 6, 6, 8, 8, 8, 8, 8, 8, 8, 8, 10, 10, 10, 10, 10, 10, 12, 20]
568 : 1791 [2, 2, 3, 3, 3, 4, 8, 8, 8, 9, 9, 9, 9, 18, 18, 24]
569 : 1792 [2, 2, 3, 3, 4, 6, 6, 6, 9, 9, 9, 9, 9, 9, 9, 9, 9, 12, 12, 15, 20]
570 : 1793 [2, 2, 3, 3, 3, 5, 6, 6, 7, 10, 10, 10, 14, 15, 15, 15, 21]
571 : 1794 [2, 2, 3, 3, 4, 4, 5, 5, 9, 9, 10, 10, 10, 10, 18, 20, 20]
572 : 1795 [2, 2, 3, 3, 3, 6, 6, 8, 8, 8, 8, 10, 12, 12, 12, 15, 15, 15, 15]
573 : 1796 [2, 2, 2, 4, 5, 5, 8, 8, 8, 10, 10, 10, 10, 10, 15, 15, 24]
574 : 1797 [2, 2, 2, 4, 4, 6, 6, 8, 8, 8, 12, 12, 15, 20, 24]
575 : 1798 [2, 2, 3, 3, 5, 5, 5, 5, 5, 6, 9, 9, 15, 15, 15, 15, 15, 18]
576 : 1799 [2, 3, 3, 3, 3, 3, 5, 10, 10, 10, 10, 10, 10, 10, 10, 10, 10, 10, 10, 10, 10, 10, 15]
577 : 1800 [2, 2, 2, 3, 5, 6, 7, 10, 10, 12, 12, 12, 14, 20, 21]
578 : 1801 [2, 2, 2, 3, 4, 6, 8, 8, 16, 16, 16, 16, 24]
579 : 1802 [2, 2, 2, 3, 6, 8, 8, 8, 8, 12, 12, 12, 12, 12, 12, 15, 20]
580 : 1803 [2, 2, 3, 3, 3, 4, 4, 9, 9, 15, 15, 18, 20, 20]
581 : 1804 [2, 2, 3, 3, 3, 6, 6, 6, 6, 10, 10, 10, 10, 10, 15, 30]
582 : 1805 [2, 2, 2, 3, 4, 8, 8, 8, 10, 15, 15, 15, 15, 24]
583 : 1806 [2, 2, 2, 3, 4, 10, 10, 10, 10, 10, 10, 12, 15, 20, 20]
584 : 1807 [2, 2, 2, 3, 9, 9, 9, 9, 9, 9, 9, 9, 9, 12, 12, 12, 15, 20]
585 : 1808 [2, 2, 2, 5, 6, 6, 6, 8, 8, 8, 8, 10, 10, 10, 12, 12, 12, 15, 15, 15]
586 : 1809 [2, 2, 2, 5, 5, 5, 5, 7, 9, 9, 10, 10, 10, 14, 15, 18, 21]
587 : 1810 [2, 2, 3, 3, 4, 8, 8, 8, 8, 8, 8, 8, 8, 8, 8, 8, 8, 10, 15, 15, 15, 15]
588 : 1811 [2, 2, 2, 5, 5, 5, 8, 8, 8, 8, 9, 9, 10, 12, 12, 12, 15, 15, 18]
589 : 1812 [2, 2, 3, 3, 3, 6, 6, 6, 6, 12, 12, 12, 12, 12, 12, 12, 15, 20]
590 : 1813 [2, 2, 2, 5, 6, 6, 9, 9, 9, 9, 9, 9, 9, 9, 9, 10, 10, 10, 15, 15, 15]
591 : 1814 [2, 2, 3, 3, 5, 5, 5, 5, 5, 5, 10, 12, 12, 15, 15, 20, 20]
592 : 1815 [2, 2, 2, 3, 6, 6, 6, 7, 10, 14, 15, 15, 15, 15, 21]
593 : 1816 [2, 2, 2, 4, 4, 5, 6, 9, 9, 10, 10, 15, 18, 20, 20]
594 : 1817 [2, 2, 2, 5, 5, 6, 6, 6, 6, 6, 15, 15, 15, 15, 15, 15, 15]
595 : 1818 [2, 2, 2, 4, 4, 5, 9, 9, 10, 10, 10, 12, 12, 15, 15, 15, 18]
596 : 1819 [2, 2, 3, 3, 4, 5, 5, 5, 6, 6, 7, 12, 14, 20, 20, 21]
597 : 1820 [2, 2, 3, 3, 5, 5, 5, 5, 8, 8, 8, 8, 10, 10, 10, 12, 12, 15, 15, 20]
598 : 1821 [2, 2, 2, 3, 6, 6, 12, 12, 12, 12, 12, 12, 12, 12, 12, 12, 12, 12]
599 : 1822 [2, 2, 2, 4, 5, 5, 8, 8, 8, 8, 10, 10, 10, 12, 12, 30]
600 : 1823 [2, 2, 3, 4, 5, 5, 5, 5, 5, 6, 6, 6, 12, 12, 12, 15, 15, 15, 15, 15]
601 : 1824 [2, 2, 3, 3, 5, 5, 6, 8, 8, 8, 8, 8, 8, 8, 8, 10, 10, 10, 10, 20, 20]
602 : 1825 [2, 2, 2, 3, 6, 8, 8, 8, 10, 10, 10, 10, 10, 10, 20, 24]
603 : 1826 [2, 2, 2, 4, 4, 4, 8, 8, 9, 9, 18, 24, 24]
604 : 1827 [2, 2, 3, 3, 4, 4, 5, 5, 10, 10, 10, 10, 10, 12, 15, 15, 15, 20]
605 : 1828 [2, 2, 3, 3, 4, 4, 4, 6, 6, 12, 12, 12, 15, 15, 20, 20]
606 : 1829 [2, 2, 2, 3, 5, 6, 6, 9, 9, 10, 15, 18, 30]
607 : 1830 [2, 2, 3, 3, 4, 4, 4, 6, 10, 12, 12, 12, 12, 12, 15, 15, 15, 15]
608 : 1831 [2, 2, 3, 3, 3, 6, 8, 8, 8, 8, 8, 8, 8, 12, 12, 16, 16, 16, 16]
609 : 1832 [2, 2, 3, 3, 4, 5, 5, 6, 6, 6, 10, 10, 10, 12, 12, 12, 30]
610 : 1833 [2, 2, 3, 3, 3, 6, 8, 8, 8, 8, 8, 8, 8, 8, 15, 15, 20, 20]
611 : 1834 [2, 2, 2, 4, 5, 5, 5, 7, 7, 7, 20, 20, 28]
612 : 1835 [2, 2, 3, 3, 3, 8, 8, 8, 8, 8, 8, 8, 8, 10, 12, 12, 15, 15, 15, 15]
613 : 1836 [2, 2, 2, 4, 8, 8, 8, 8, 8, 8, 8, 8, 12, 12, 12, 12, 12, 12, 12, 12, 12]
614 : 1837 [2, 2, 2, 4, 4, 4, 12, 12, 12, 12, 12, 12, 12, 12, 15, 20]
615 : 1838 [2, 2, 2, 5, 5, 5, 5, 5, 12, 12, 12, 12, 15, 15, 15, 15, 15]
616 : 1839 [2, 2, 3, 3, 5, 5, 5, 5, 6, 10, 10, 10, 12, 12, 12, 12, 12, 12, 12, 12, 15]
617 : 1840 [2, 2, 2, 4, 5, 7, 7, 7, 8, 8, 8, 8, 10, 10, 20, 28]
618 : 1841 [2, 2, 2, 3, 4, 7, 7, 12, 12, 12, 14, 14, 21, 21]
619 : 1842 [2, 2, 2, 5, 5, 5, 6, 8, 8, 8, 8, 10, 12, 12, 15, 15, 15, 20]
620 : 1843 [2, 2, 3, 4, 4, 4, 4, 8, 8, 8, 8, 8, 8, 8, 8, 15, 15, 20, 20]
621 : 1844 [2, 2, 3, 4, 5, 5, 5, 6, 6, 6, 6, 6, 6, 12, 12, 12, 12, 12, 20, 20]
622 : 1845 [2, 2, 3, 6, 6, 6, 6, 6, 6, 6, 6, 6, 6, 6, 10, 10, 10, 10, 10, 10, 12, 12, 12, 20]
623 : 1846 [2, 2, 2, 5, 6, 6, 8, 8, 8, 8, 8, 8, 8, 8, 10, 10, 15, 20, 20]
624 : 1847 [2, 2, 2, 3, 5, 5, 10, 10, 10, 12, 12, 12, 12, 30]
625 : 1848 [2, 2, 2, 5, 6, 8, 8, 8, 8, 8, 8, 8, 8, 10, 10, 10, 12, 12, 15, 15, 15]
626 : 1849 [2, 2, 2, 4, 4, 5, 6, 10, 10, 10, 12, 15, 15, 15, 15, 20]
627 : 1850 [2, 2, 3, 3, 3, 5, 6, 6, 7, 10, 10, 12, 12, 12, 14, 20, 21]
628 : 1851 [2, 2, 3, 3, 3, 4, 6, 6, 8, 8, 16, 16, 16, 16, 24]
629 : 1852 [2, 2, 3, 3, 3, 6, 6, 8, 8, 8, 8, 12, 12, 12, 12, 12, 12, 15, 20]
630 : 1853 [2, 2, 3, 4, 4, 4, 5, 5, 5, 5, 10, 10, 12, 12, 20, 20, 20]
631 : 1854 [2, 2, 2, 4, 5, 6, 6, 6, 6, 10, 12, 12, 12, 15, 30]
632 : 1855 [2, 2, 3, 3, 3, 4, 6, 8, 8, 8, 10, 15, 15, 15, 15, 24]
633 : 1856 [2, 2, 2, 4, 4, 6, 8, 8, 8, 12, 12, 12, 12, 12, 12, 12, 24]
634 : 1857 [2, 2, 2, 4, 4, 4, 7, 9, 9, 14, 15, 18, 20, 21]
635 : 1858 [2, 2, 3, 3, 3, 4, 10, 10, 10, 10, 10, 10, 10, 12, 12, 12, 15, 15, 15]
636 : 1859 [2, 2, 2, 5, 5, 5, 6, 6, 6, 12, 12, 12, 12, 12, 12, 20, 20]
637 : 1860 [2, 2, 3, 4, 4, 4, 4, 5, 6, 7, 10, 10, 12, 12, 12, 14, 20, 21]
638 : 1861 [2, 2, 2, 3, 8, 8, 8, 8, 12, 12, 12, 12, 12, 12, 12, 12, 12, 12, 12]
639 : 1862 [2, 2, 2, 3, 4, 8, 8, 8, 12, 12, 12, 15, 20, 24]
640 : 1863 [2, 2, 3, 3, 5, 6, 6, 6, 9, 9, 9, 9, 9, 9, 9, 9, 9, 10, 10, 10, 15, 15, 15]
641 : 1864 [2, 2, 3, 5, 5, 5, 5, 5, 5, 5, 5, 9, 9, 9, 9, 15, 15, 15, 18, 18]
642 : 1865 [2, 2, 2, 3, 5, 7, 7, 7, 10, 10, 12, 12, 20, 28]
643 : 1866 [2, 2, 2, 3, 6, 6, 6, 6, 9, 18, 18, 18, 18, 18]
644 : 1867 [2, 2, 3, 3, 4, 8, 8, 8, 8, 8, 8, 8, 8, 8, 8, 8, 8, 12, 12, 12, 15, 20]
645 : 1868 [2, 2, 2, 4, 5, 6, 6, 8, 8, 8, 10, 10, 10, 15, 15, 15, 24]
646 : 1869 [2, 2, 2, 4, 5, 6, 6, 10, 10, 10, 10, 10, 10, 10, 10, 12, 20, 20]
647 : 1870 [2, 2, 2, 5, 6, 6, 9, 9, 9, 9, 9, 9, 9, 9, 9, 10, 10, 12, 12, 12, 20]
648 : 1871 [2, 2, 2, 4, 5, 6, 10, 10, 10, 10, 10, 10, 10, 10, 10, 12, 12, 12, 15, 15]
649 : 1872 [2, 2, 2, 3, 6, 6, 6, 7, 12, 12, 12, 14, 15, 20, 21]
650 : 1873 [2, 2, 3, 4, 5, 6, 6, 8, 8, 8, 8, 8, 8, 8, 8, 8, 8, 8, 8, 10, 10, 10, 15, 15, 15]
651 : 1874 [2, 2, 3, 4, 4, 5, 5, 5, 5, 8, 8, 8, 10, 10, 10, 12, 12, 12, 15, 24]
652 : 1875 [2, 2, 2, 4, 4, 5, 9, 9, 10, 10, 12, 12, 12, 12, 12, 18, 20]
653 : 1876 [2, 2, 2, 4, 6, 6, 6, 8, 8, 8, 9, 9, 9, 9, 18, 18, 24]
654 : 1877 [2, 2, 3, 4, 5, 5, 5, 5, 5, 7, 7, 7, 10, 10, 10, 10, 10, 12, 12, 28]
655 : 1878 [2, 2, 2, 5, 6, 6, 6, 6, 6, 7, 10, 10, 10, 14, 15, 15, 15, 21]
656 : 1879 [2, 2, 3, 3, 3, 5, 6, 6, 6, 9, 9, 10, 15, 18, 30]
657 : 1880 [2, 2, 2, 6, 6, 6, 6, 6, 8, 8, 8, 8, 10, 12, 12, 12, 15, 15, 15, 15]
658 : 1881 [2, 2, 2, 3, 6, 8, 8, 8, 8, 8, 8, 12, 12, 24, 24]
659 : 1882 [2, 2, 3, 4, 6, 6, 6, 6, 6, 6, 6, 6, 6, 6, 12, 12, 12, 12, 12, 12, 15, 20]
660 : 1883 [2, 2, 3, 5, 5, 5, 5, 5, 6, 6, 8, 8, 8, 8, 10, 10, 10, 10, 10, 12, 12, 15, 20]
661 : 1884 [2, 2, 3, 3, 3, 5, 5, 5, 7, 12, 12, 14, 20, 20, 21]
662 : 1885 [2, 2, 2, 4, 4, 5, 8, 8, 8, 10, 10, 16, 16, 16, 16, 20]
663 : 1886 [2, 2, 2, 6, 6, 6, 6, 6, 6, 7, 9, 9, 9, 9, 14, 18, 18, 21]
664 : 1887 [2, 2, 2, 4, 6, 7, 8, 8, 8, 8, 8, 8, 8, 8, 14, 15, 20, 21]
665 : 1888 [2, 2, 2, 4, 4, 6, 6, 6, 9, 9, 15, 15, 18, 20, 20]
666 : 1889 [2, 2, 2, 6, 6, 6, 6, 6, 6, 6, 10, 10, 10, 10, 10, 15, 30]
667 : 1890 [2, 2, 2, 4, 4, 4, 7, 10, 12, 14, 15, 15, 15, 15, 21]
668 : 1891 [2, 2, 2, 6, 6, 6, 6, 6, 7, 7, 7, 8, 8, 8, 24, 28]
669 : 1892 [2, 2, 2, 5, 5, 6, 6, 6, 6, 9, 9, 10, 10, 10, 18, 30]
670 : 1893 [2, 2, 3, 3, 3, 4, 4, 12, 12, 12, 12, 15, 15, 20, 20]
671 : 1894 [2, 2, 2, 4, 5, 6, 6, 8, 8, 8, 8, 10, 12, 12, 15, 30]
672 : 1895 [2, 2, 3, 4, 4, 4, 6, 6, 6, 6, 7, 10, 10, 10, 10, 10, 10, 14, 20, 21]
673 : 1896 [2, 2, 2, 3, 5, 5, 5, 15, 15, 15, 15, 30]
674 : 1897 [2, 2, 2, 4, 4, 8, 8, 8, 8, 9, 9, 9, 9, 15, 18, 18, 20]
675 : 1898 [2, 2, 3, 3, 5, 6, 6, 8, 8, 8, 8, 8, 8, 8, 8, 10, 10, 10, 12, 12, 15, 15, 15]
676 : 1899 [2, 2, 2, 5, 5, 5, 5, 7, 10, 10, 10, 12, 12, 12, 12, 14, 15, 21]
677 : 1900 [2, 2, 2, 3, 5, 8, 8, 8, 9, 9, 10, 10, 18, 20, 24]
678 : 1901 [2, 2, 2, 3, 4, 6, 6, 8, 24, 24, 24]
679 : 1902 [2, 2, 3, 5, 5, 5, 5, 5, 6, 6, 6, 10, 10, 10, 10, 10, 12, 12, 12, 12, 12, 12, 12, 12]
680 : 1903 [2, 2, 2, 4, 5, 5, 5, 10, 10, 10, 10, 10, 10, 20, 20, 20]
681 : 1904 [2, 2, 2, 5, 5, 5, 9, 9, 9, 9, 9, 9, 9, 9, 9, 12, 12, 20, 20]
682 : 1905 [2, 2, 2, 5, 6, 8, 8, 8, 8, 8, 8, 8, 8, 10, 10, 12, 12, 12, 12, 12, 20]
683 : 1906 [2, 2, 2, 3, 6, 7, 7, 7, 9, 9, 12, 12, 12, 18, 28]
684 : 1907 [2, 2, 3, 3, 4, 4, 4, 6, 7, 9, 9, 14, 15, 18, 20, 21]
685 : 1908 [2, 2, 2, 4, 4, 5, 10, 10, 10, 12, 12, 12, 12, 12, 12, 15, 15, 15]
686 : 1909 [2, 2, 2, 4, 5, 8, 8, 8, 8, 10, 10, 10, 10, 10, 10, 10, 10, 20, 20]
687 : 1910 [2, 2, 2, 4, 4, 6, 7, 10, 10, 10, 10, 10, 10, 12, 14, 20, 21]
688 : 1911 [2, 2, 2, 4, 6, 7, 9, 9, 9, 9, 9, 9, 9, 9, 9, 12, 12, 12, 14, 21]
689 : 1912 [2, 2, 2, 3, 4, 5, 10, 10, 15, 15, 20, 20, 20]
690 : 1913 [2, 2, 3, 5, 5, 5, 5, 6, 6, 6, 6, 6, 6, 6, 10, 10, 12, 20, 20, 20]
691 : 1914 [2, 2, 4, 4, 4, 4, 4, 5, 6, 6, 6, 6, 10, 12, 12, 12, 15, 30]
692 : 1915 [2, 2, 3, 3, 3, 4, 10, 10, 10, 10, 10, 10, 12, 12, 12, 12, 12, 12, 20]
693 : 1916 [2, 2, 2, 4, 4, 4, 8, 8, 12, 12, 12, 12, 24, 24]
694 : 1917 [2, 2, 3, 5, 5, 5, 5, 5, 5, 5, 8, 8, 8, 8, 10, 10, 10, 12, 15, 20, 20]
695 : 1918 [2, 2, 2, 3, 6, 9, 9, 10, 10, 10, 10, 10, 10, 10, 15, 15, 15, 18]
696 : 1919 [2, 2, 2, 3, 5, 6, 6, 10, 12, 12, 12, 12, 15, 30]
697 : 1920 [2, 2, 2, 6, 6, 6, 8, 8, 8, 8, 8, 8, 8, 8, 10, 12, 12, 15, 15, 15, 15]
698 : 1921 [2, 2, 2, 4, 4, 6, 6, 6, 10, 12, 15, 15, 15, 15, 15, 20]
699 : 1922 [2, 2, 2, 3, 4, 9, 9, 9, 9, 12, 12, 15, 18, 18, 20]
700 : 1923 [2, 2, 3, 5, 5, 5, 5, 5, 8, 8, 8, 8, 8, 8, 8, 8, 10, 10, 10, 10, 10, 12, 15, 20]
701 : 1924 [2, 2, 2, 5, 5, 5, 8, 8, 8, 10, 10, 10, 10, 10, 10, 10, 12, 15, 24]
702 : 1925 [2, 2, 2, 4, 5, 6, 6, 8, 8, 8, 10, 10, 12, 12, 12, 20, 24]
703 : 1926 [2, 2, 2, 3, 4, 6, 12, 12, 12, 14, 14, 14, 14, 14, 21]
704 : 1927 [2, 2, 2, 6, 8, 8, 8, 8, 8, 8, 8, 8, 8, 8, 8, 8, 9, 9, 15, 18, 20]
705 : 1928 [2, 2, 3, 3, 5, 6, 6, 6, 6, 6, 6, 7, 10, 10, 10, 14, 15, 15, 15, 21]
706 : 1929 [2, 2, 3, 4, 4, 5, 5, 6, 6, 6, 6, 9, 9, 10, 10, 10, 10, 18, 20, 20]
707 : 1930 [2, 2, 2, 4, 4, 8, 8, 8, 8, 9, 9, 10, 12, 15, 15, 15, 15, 18]
708 : 1931 [2, 2, 2, 3, 6, 6, 7, 12, 12, 12, 12, 12, 12, 12, 12, 14, 21]
709 : 1932 [2, 2, 3, 3, 5, 5, 5, 8, 8, 8, 8, 8, 8, 8, 8, 10, 12, 15, 15, 15, 20]
710 : 1933 [2, 2, 2, 3, 5, 8, 8, 8, 10, 10, 10, 12, 15, 15, 15, 24]
711 : 1934 [2, 2, 2, 3, 5, 10, 10, 10, 10, 10, 10, 10, 10, 12, 12, 20, 20]
712 : 1935 [2, 2, 2, 4, 4, 4, 5, 10, 15, 15, 20, 30]
713 : 1936 [2, 2, 2, 4, 6, 6, 6, 6, 6, 8, 8, 16, 16, 16, 16, 24]
714 : 1937 [2, 2, 2, 3, 6, 6, 7, 7, 7, 12, 12, 15, 20, 28]
715 : 1938 [2, 2, 3, 3, 4, 4, 6, 6, 6, 6, 9, 9, 15, 15, 18, 20, 20]
716 : 1939 [2, 2, 3, 3, 4, 4, 5, 8, 8, 8, 8, 10, 10, 10, 15, 15, 15, 15, 20]
717 : 1940 [2, 2, 2, 4, 6, 6, 6, 6, 8, 8, 8, 10, 15, 15, 15, 15, 24]
718 : 1941 [2, 2, 2, 3, 6, 8, 8, 8, 9, 9, 9, 9, 12, 18, 18, 24]
719 : 1942 [2, 2, 2, 6, 6, 6, 6, 9, 9, 9, 9, 9, 9, 9, 9, 9, 12, 12, 12, 15, 20]
720 : 1943 [2, 2, 2, 4, 6, 6, 6, 10, 10, 10, 10, 10, 10, 10, 12, 12, 12, 15, 15, 15]
721 : 1944 [2, 2, 2, 4, 5, 5, 6, 9, 9, 10, 10, 10, 10, 12, 18, 20, 20]
722 : 1945 [2, 2, 3, 4, 6, 6, 6, 6, 8, 8, 8, 8, 8, 8, 8, 8, 8, 8, 8, 8, 10, 15, 15, 15, 15]
723 : 1946 [2, 2, 2, 4, 5, 5, 9, 9, 10, 10, 10, 10, 10, 12, 12, 12, 15, 15, 18]
724 : 1947 [2, 2, 2, 4, 4, 4, 7, 12, 12, 12, 12, 14, 15, 20, 21]
725 : 1948 [2, 2, 2, 5, 5, 5, 5, 5, 7, 14, 15, 15, 15, 15, 15, 21]
726 : 1949 [2, 2, 3, 3, 5, 5, 5, 5, 6, 7, 10, 10, 10, 12, 12, 12, 12, 14, 15, 21]
727 : 1950 [2, 2, 2, 4, 6, 8, 8, 8, 8, 9, 9, 10, 10, 10, 10, 10, 10, 12, 18, 20]
728 : 1951 [2, 2, 2, 3, 6, 6, 7, 7, 9, 9, 14, 14, 18, 21, 21]
729 : 1952 [2, 2, 3, 4, 5, 5, 5, 8, 8, 8, 8, 10, 10, 10, 10, 10, 10, 10, 10, 10, 10, 10, 10, 10, 12, 12]
730 : 1953 [2, 2, 2, 3, 4, 6, 9, 9, 12, 15, 15, 18, 20, 20]
731 : 1954 [2, 2, 3, 3, 4, 4, 4, 5, 9, 9, 10, 12, 15, 18, 30]
732 : 1955 [2, 2, 2, 3, 4, 9, 9, 10, 12, 12, 12, 15, 15, 15, 15, 18]
733 : 1956 [2, 2, 2, 6, 6, 6, 6, 6, 6, 12, 12, 12, 12, 12, 12, 12, 12, 12, 12, 12, 12]
734 : 1957 [2, 2, 2, 3, 5, 5, 7, 10, 10, 10, 14, 21, 30]
735 : 1958 [2, 2, 3, 3, 4, 4, 5, 6, 10, 10, 10, 12, 12, 12, 12, 12, 12, 15, 15, 15]
736 : 1959 [2, 2, 2, 3, 5, 8, 8, 8, 8, 10, 12, 12, 12, 15, 30]
737 : 1960 [2, 2, 2, 6, 6, 6, 6, 6, 8, 8, 8, 10, 10, 10, 10, 10, 10, 20, 24]
738 : 1961 [2, 2, 2, 4, 4, 6, 6, 9, 9, 9, 9, 9, 12, 36]
739 : 1962 [2, 2, 3, 3, 3, 4, 5, 6, 10, 10, 15, 15, 20, 20, 20]
740 : 1963 [2, 2, 3, 4, 4, 4, 6, 6, 6, 6, 6, 6, 12, 12, 12, 15, 15, 20, 20]
741 : 1964 [2, 2, 2, 5, 6, 6, 6, 6, 6, 6, 9, 9, 10, 15, 18, 30]
742 : 1965 [2, 2, 2, 4, 4, 5, 10, 10, 12, 12, 12, 12, 12, 12, 12, 12, 12, 20]
743 : 1966 [2, 2, 2, 3, 3, 8, 12, 24, 24, 24]
744 : 1967 [2, 2, 3, 4, 5, 5, 6, 6, 6, 6, 6, 6, 6, 10, 10, 10, 12, 12, 12, 30]
745 : 1968 [2, 2, 3, 3, 3, 6, 6, 9, 9, 10, 10, 10, 10, 10, 10, 10, 15, 15, 15, 18]
746 : 1969 [2, 2, 2, 5, 5, 5, 6, 6, 6, 7, 12, 12, 14, 20, 20, 21]
747 : 1970 [2, 2, 3, 3, 6, 6, 6, 6, 8, 8, 8, 8, 8, 8, 8, 8, 10, 12, 12, 15, 15, 15, 15]
748 : 1971 [2, 2, 2, 3, 7, 8, 8, 8, 8, 12, 12, 12, 12, 12, 12, 12, 14, 21]
749 : 1972 [2, 2, 2, 3, 6, 6, 8, 8, 8, 9, 9, 15, 18, 20, 24]
750 : 1973 [2, 2, 4, 4, 4, 5, 5, 5, 5, 6, 8, 8, 8, 8, 10, 10, 10, 10, 15, 15, 15, 15, 15]
751 : 1974 [2, 2, 3, 3, 5, 5, 5, 6, 8, 8, 8, 10, 10, 10, 10, 10, 10, 10, 12, 15, 24]
752 : 1975 [2, 2, 2, 3, 6, 9, 9, 10, 10, 10, 10, 10, 10, 12, 12, 12, 18, 20]
753 : 1976 [2, 2, 2, 4, 6, 6, 6, 6, 7, 7, 12, 12, 12, 14, 14, 21, 21]
754 : 1977 [2, 2, 2, 3, 7, 7, 7, 8, 8, 8, 8, 12, 15, 20, 28]
755 : 1978 [2, 2, 2, 4, 4, 6, 6, 6, 12, 12, 12, 12, 15, 15, 20, 20]
756 : 1979 [2, 2, 3, 4, 4, 4, 4, 5, 6, 6, 10, 12, 12, 12, 12, 15, 30]
757 : 1980 [2, 2, 2, 4, 4, 6, 6, 10, 12, 12, 12, 12, 12, 12, 15, 15, 15, 15]
758 : 1981 [2, 2, 2, 4, 6, 6, 8, 8, 8, 8, 10, 10, 10, 10, 10, 10, 15, 20, 20]
759 : 1982 [2, 2, 2, 5, 5, 6, 6, 6, 6, 10, 10, 10, 12, 12, 12, 12, 30]
760 : 1983 [2, 2, 2, 4, 6, 8, 8, 8, 8, 10, 10, 10, 10, 10, 10, 10, 12, 12, 15, 15, 15]
761 : 1984 [2, 2, 2, 3, 4, 6, 6, 15, 15, 15, 20, 20, 20]
762 : 1985 [2, 2, 2, 4, 4, 5, 6, 8, 8, 10, 10, 20, 24, 24]
763 : 1986 [2, 2, 2, 3, 4, 6, 10, 12, 12, 15, 15, 15, 15, 15, 20]
764 : 1987 [2, 2, 2, 4, 4, 8, 8, 8, 8, 9, 9, 12, 12, 12, 12, 15, 18, 20]
765 : 1988 [2, 2, 4, 4, 4, 5, 5, 5, 5, 6, 6, 6, 6, 10, 10, 12, 12, 20, 20, 20]
766 : 1989 [2, 2, 3, 3, 5, 5, 5, 8, 8, 8, 8, 8, 8, 8, 8, 12, 12, 12, 12, 20, 20]
767 : 1990 [2, 2, 2, 3, 5, 8, 8, 8, 10, 10, 12, 12, 12, 12, 20, 24]
768 : 1991 [2, 2, 2, 3, 4, 7, 7, 12, 12, 14, 14, 14, 14, 28]
769 : 1992 [2, 2, 3, 3, 6, 6, 6, 6, 6, 9, 9, 9, 9, 9, 9, 9, 9, 9, 12, 12, 12, 15, 20]
770 : 1993 [2, 2, 2, 3, 5, 9, 9, 9, 9, 10, 10, 10, 15, 15, 15, 18, 18]
771 : 1994 [2, 2, 3, 3, 4, 4, 5, 5, 7, 10, 10, 10, 10, 14, 20, 20, 21]
772 : 1995 [2, 2, 3, 3, 5, 8, 8, 8, 8, 8, 8, 8, 8, 8, 8, 8, 8, 10, 10, 12, 12, 12, 12, 20]
773 : 1996 [2, 2, 2, 3, 6, 7, 7, 7, 12, 12, 12, 12, 12, 12, 12, 28]
774 : 1997 [2, 2, 2, 4, 6, 6, 6, 6, 8, 8, 8, 12, 12, 12, 15, 20, 24]
775 : 1998 [2, 2, 3, 3, 5, 5, 5, 5, 5, 6, 7, 14, 15, 15, 15, 15, 15, 21]
776 : 1999 [2, 2, 2, 5, 5, 6, 10, 10, 10, 10, 10, 10, 10, 10, 10, 10, 10, 12, 12, 12, 12, 15]
777 : 2000 [2, 2, 2, 4, 6, 6, 6, 10, 10, 10, 10, 10, 10, 12, 12, 12, 12, 12, 12, 20]
778 : 2001 [2, 2, 2, 3, 6, 6, 6, 8, 8, 12, 16, 16, 16, 16, 24]
779 : 2002 [2, 2, 3, 3, 3, 7, 8, 8, 8, 8, 8, 8, 8, 8, 12, 14, 15, 20, 21]
780 : 2003 [2, 2, 3, 3, 3, 4, 4, 7, 14, 15, 15, 20, 20, 21]
781 : 2004 [2, 2, 3, 4, 4, 5, 5, 5, 6, 6, 6, 9, 9, 9, 9, 18, 18, 20, 20]
782 : 2005 [2, 2, 2, 3, 6, 6, 8, 8, 8, 10, 12, 15, 15, 15, 15, 24]
783 : 2006 [2, 2, 2, 3, 6, 6, 10, 10, 10, 10, 10, 10, 12, 12, 15, 20, 20]
784 : 2007 [2, 2, 2, 6, 6, 6, 6, 6, 6, 6, 7, 12, 12, 12, 14, 15, 20, 21]
785 : 2008 [2, 2, 2, 3, 6, 10, 10, 10, 10, 10, 10, 10, 12, 12, 12, 12, 15, 15, 15]
786 : 2009 [2, 2, 2, 5, 5, 5, 5, 7, 7, 10, 10, 10, 14, 14, 15, 21, 21]
787 : 2010 [2, 2, 3, 3, 6, 6, 6, 6, 6, 6, 8, 8, 8, 10, 10, 10, 10, 10, 10, 20, 24]
788 : 2011 [2, 2, 2, 4, 8, 8, 8, 9, 9, 9, 9, 9, 9, 9, 9, 9, 9, 9, 18, 24]
789 : 2012 [2, 2, 2, 3, 4, 9, 9, 12, 12, 12, 12, 12, 12, 15, 18, 20]
790 : 2013 [2, 2, 3, 4, 4, 4, 4, 4, 6, 9, 9, 12, 15, 15, 18, 20, 20]
791 : 2014 [2, 2, 3, 3, 3, 5, 9, 9, 9, 9, 9, 9, 9, 9, 9, 10, 15, 30]
792 : 2015 [2, 2, 2, 5, 6, 7, 8, 8, 8, 8, 8, 8, 8, 8, 10, 10, 12, 14, 20, 21]
793 : 2016 [2, 2, 2, 4, 4, 5, 6, 7, 10, 10, 14, 15, 20, 20, 21]
794 : 2017 [2, 2, 2, 6, 8, 8, 8, 8, 8, 8, 8, 8, 8, 8, 8, 8, 12, 12, 12, 12, 15, 20]
795 : 2018 [2, 2, 2, 4, 4, 5, 7, 10, 10, 10, 12, 12, 14, 15, 15, 15, 21]
796 : 2019 [2, 2, 2, 4, 5, 5, 5, 9, 9, 9, 9, 12, 18, 18, 20, 20]
797 : 2020 [2, 2, 2, 4, 4, 8, 8, 8, 8, 10, 12, 12, 12, 12, 12, 15, 15, 15, 15]
798 : 2021 [2, 2, 2, 6, 6, 6, 7, 9, 9, 9, 9, 9, 9, 9, 9, 9, 9, 9, 14, 18, 21]
799 : 2022 [2, 2, 2, 3, 4, 8, 8, 8, 12, 15, 16, 16, 16, 16, 20]
800 : 2023 [2, 2, 2, 4, 4, 9, 9, 9, 9, 9, 9, 9, 9, 9, 15, 15, 20, 20]
801 : 2024 [2, 2, 3, 4, 4, 5, 5, 5, 5, 9, 9, 10, 10, 10, 12, 12, 12, 12, 12, 12, 15, 18]
802 : 2025 [2, 2, 2, 4, 5, 8, 8, 8, 8, 9, 9, 9, 9, 10, 10, 12, 18, 18, 20]
803 : 2026 [2, 2, 2, 3, 4, 9, 9, 9, 9, 9, 12, 12, 36]
804 : 2027 [2, 2, 2, 5, 5, 6, 9, 9, 9, 9, 9, 9, 9, 9, 9, 10, 10, 10, 30]
805 : 2028 [2, 2, 3, 3, 4, 4, 6, 6, 6, 6, 12, 12, 12, 12, 15, 15, 20, 20]
806 : 2029 [2, 2, 2, 3, 5, 6, 6, 7, 10, 14, 15, 21, 30]
807 : 2030 [2, 2, 2, 5, 5, 5, 5, 8, 8, 8, 10, 10, 10, 15, 15, 20, 24]
808 : 2031 [2, 2, 2, 3, 6, 8, 8, 8, 9, 9, 12, 12, 12, 12, 12, 18, 24]
809 : 2032 [2, 2, 3, 3, 5, 5, 6, 6, 6, 6, 6, 10, 10, 10, 12, 12, 12, 12, 30]
810 : 2033 [2, 2, 3, 3, 4, 6, 6, 8, 8, 8, 8, 10, 10, 10, 10, 10, 10, 10, 12, 12, 15, 15, 15]
811 : 2034 [2, 2, 2, 4, 5, 5, 6, 10, 10, 10, 10, 12, 12, 12, 12, 12, 20, 20]
812 : 2035 [2, 2, 2, 5, 6, 6, 6, 6, 8, 8, 8, 9, 9, 10, 10, 18, 20, 24]
813 : 2036 [2, 2, 2, 3, 6, 6, 6, 9, 9, 14, 14, 14, 14, 14, 18, 21]
814 : 2037 [2, 2, 2, 4, 4, 6, 6, 12, 12, 12, 12, 12, 12, 12, 12, 12, 15, 20]
815 : 2038 [2, 2, 4, 4, 4, 4, 4, 4, 6, 6, 6, 12, 12, 12, 12, 15, 15, 20, 20]
816 : 2039 [2, 2, 3, 4, 5, 6, 6, 6, 6, 6, 6, 6, 6, 6, 10, 12, 12, 12, 15, 30]
817 : 2040 [2, 2, 2, 3, 5, 5, 10, 10, 10, 10, 12, 15, 20, 20, 20]
818 : 2041 [2, 2, 2, 3, 6, 6, 7, 7, 12, 12, 12, 12, 14, 14, 21, 21]
819 : 2042 [2, 2, 3, 3, 4, 4, 9, 9, 9, 9, 9, 9, 9, 9, 9, 9, 9, 12, 15, 18, 20]
820 : 2043 [2, 2, 2, 3, 4, 6, 12, 12, 12, 12, 12, 15, 15, 20, 20]
821 : 2044 [2, 2, 2, 4, 4, 10, 10, 10, 10, 10, 10, 10, 10, 10, 10, 10, 10, 20, 20]
822 : 2045 [2, 2, 2, 3, 4, 10, 12, 12, 12, 12, 12, 12, 12, 15, 15, 15, 15]
823 : 2046 [2, 2, 2, 3, 8, 8, 8, 8, 10, 10, 10, 10, 10, 10, 12, 15, 20, 20]
824 : 2047 [2, 2, 2, 4, 5, 6, 6, 6, 6, 10, 10, 15, 15, 20, 20, 20]
825 : 2048 [2, 2, 2, 5, 5, 5, 6, 10, 10, 10, 10, 10, 10, 10, 10, 15, 15, 15, 15, 15]
826 : 2049 [2, 2, 2, 3, 3, 12, 15, 15, 15, 20, 20, 20]
827 : 2050 [2, 2, 2, 3, 5, 9, 9, 9, 9, 10, 10, 12, 12, 12, 18, 18, 20]
828 : 2051 [2, 2, 3, 3, 3, 6, 6, 6, 6, 8, 8, 12, 16, 16, 16, 16, 24]
829 : 2052 [2, 2, 2, 4, 5, 5, 5, 9, 9, 10, 12, 12, 15, 15, 15, 18, 20]
830 : 2053 [2, 2, 2, 6, 6, 6, 6, 6, 9, 9, 10, 10, 10, 10, 10, 10, 10, 15, 15, 15, 18]
831 : 2054 [2, 2, 2, 5, 6, 6, 6, 6, 6, 6, 10, 12, 12, 12, 12, 15, 30]
832 : 2055 [2, 2, 3, 3, 3, 6, 6, 6, 8, 8, 8, 10, 12, 15, 15, 15, 15, 24]
833 : 2056 [2, 2, 2, 4, 5, 6, 8, 8, 8, 8, 9, 9, 10, 10, 15, 18, 20, 20]
834 : 2057 [2, 2, 2, 3, 5, 6, 10, 10, 10, 10, 15, 15, 15, 15, 15, 15, 15]
835 : 2058 [2, 2, 2, 4, 5, 8, 8, 8, 8, 9, 9, 10, 10, 10, 12, 12, 15, 15, 15, 18]
836 : 2059 [2, 2, 3, 3, 3, 5, 5, 9, 9, 10, 10, 10, 10, 12, 12, 18, 20, 20]
837 : 2060 [2, 2, 3, 4, 4, 4, 5, 6, 6, 6, 7, 10, 10, 12, 12, 12, 12, 14, 20, 21]
838 : 2061 [2, 2, 2, 4, 6, 6, 6, 6, 6, 12, 12, 12, 14, 14, 14, 14, 14, 21]
839 : 2062 [2, 2, 2, 3, 6, 6, 8, 8, 8, 12, 12, 12, 12, 15, 20, 24]
840 : 2063 [2, 2, 2, 4, 4, 5, 5, 10, 10, 10, 12, 15, 20, 30]
841 : 2064 [2, 2, 3, 4, 4, 5, 5, 6, 9, 9, 9, 9, 9, 9, 9, 9, 9, 10, 10, 10, 10, 20, 20]
842 : 2065 [2, 2, 2, 3, 6, 6, 9, 9, 9, 9, 10, 15, 15, 15, 15, 18, 18]
843 : 2066 [2, 2, 2, 3, 6, 7, 7, 7, 7, 7, 21, 21, 21, 21]
844 : 2067 [2, 2, 3, 3, 4, 5, 5, 8, 8, 8, 8, 10, 10, 10, 10, 10, 12, 15, 15, 15, 20]
845 : 2068 [2, 2, 2, 5, 6, 6, 6, 6, 8, 8, 8, 10, 10, 10, 12, 15, 15, 15, 24]
846 : 2069 [2, 2, 2, 4, 4, 8, 8, 8, 8, 10, 10, 10, 10, 10, 12, 15, 30]
847 : 2070 [2, 2, 3, 3, 4, 4, 6, 8, 8, 8, 8, 10, 12, 12, 12, 12, 12, 15, 15, 15, 15]
848 : 2071 [2, 2, 2, 5, 5, 5, 6, 8, 8, 8, 9, 9, 10, 12, 15, 15, 18, 24]
849 : 2072 [2, 2, 2, 6, 6, 6, 6, 6, 6, 7, 7, 7, 12, 12, 15, 20, 28]
850 : 2073 [2, 2, 3, 3, 4, 4, 6, 9, 9, 9, 9, 9, 9, 9, 9, 9, 15, 15, 20, 20]
851 : 2074 [2, 2, 2, 5, 5, 5, 7, 7, 7, 8, 8, 8, 8, 20, 20, 28]
852 : 2075 [2, 2, 2, 4, 4, 5, 7, 10, 10, 12, 12, 12, 12, 12, 14, 20, 21]
853 : 2076 [2, 2, 2, 4, 4, 4, 6, 6, 18, 18, 36]
854 : 2077 [2, 2, 2, 4, 4, 8, 8, 8, 8, 12, 12, 12, 12, 12, 12, 12, 12, 15, 20]
855 : 2078 [2, 2, 2, 4, 4, 4, 8, 8, 8, 15, 15, 20, 20, 24]
856 : 2079 [2, 2, 3, 3, 3, 5, 6, 6, 6, 7, 10, 14, 15, 21, 30]
857 : 2080 [2, 2, 2, 5, 7, 7, 7, 8, 8, 8, 8, 8, 8, 8, 8, 10, 10, 20, 28]
858 : 2081 [2, 2, 2, 3, 5, 6, 9, 9, 10, 10, 12, 12, 15, 18, 20, 20]
859 : 2082 [2, 2, 2, 4, 5, 5, 6, 8, 8, 8, 10, 10, 10, 24, 30]
860 : 2083 [2, 2, 2, 3, 5, 9, 9, 10, 10, 10, 12, 12, 12, 12, 15, 15, 15, 18]
861 : 2084 [2, 2, 3, 3, 4, 5, 5, 6, 6, 10, 10, 10, 10, 12, 12, 12, 12, 12, 20, 20]
862 : 2085 [2, 2, 2, 4, 5, 5, 5, 10, 10, 12, 12, 12, 15, 15, 15, 15, 15, 15]
863 : 2086 [2, 2, 2, 6, 6, 6, 6, 6, 6, 7, 7, 9, 9, 14, 14, 18, 21, 21]
864 : 2087 [2, 2, 2, 6, 6, 6, 7, 8, 8, 8, 8, 8, 8, 8, 8, 12, 14, 15, 20, 21]
865 : 2088 [2, 2, 2, 4, 4, 6, 6, 6, 7, 14, 15, 15, 20, 20, 21]
866 : 2089 [2, 2, 2, 4, 5, 6, 8, 8, 8, 8, 10, 10, 10, 12, 15, 15, 15, 15, 20]
867 : 2090 [2, 2, 2, 4, 4, 6, 6, 7, 10, 12, 12, 14, 15, 15, 15, 15, 21]
868 : 2091 [2, 2, 2, 3, 4, 8, 8, 9, 9, 12, 12, 18, 24, 24]
869 : 2092 [2, 2, 2, 5, 5, 6, 6, 6, 6, 7, 10, 10, 10, 14, 21, 30]
870 : 2093 [2, 2, 3, 3, 3, 4, 6, 6, 12, 12, 12, 12, 12, 15, 15, 20, 20]
871 : 2094 [2, 2, 2, 3, 4, 10, 10, 10, 10, 10, 12, 12, 12, 15, 30]
872 : 2095 [2, 2, 2, 4, 5, 5, 5, 8, 8, 8, 10, 10, 40]
873 : 2096 [2, 2, 2, 4, 4, 6, 12, 12, 12, 12, 12, 12, 12, 12, 12, 12, 12, 12, 12, 12]
874 : 2097 [2, 2, 2, 4, 4, 7, 8, 8, 8, 8, 9, 9, 14, 15, 18, 20, 21]
875 : 2098 [2, 2, 3, 3, 3, 8, 8, 8, 8, 10, 10, 10, 10, 10, 10, 10, 12, 12, 12, 15, 15, 15]
876 : 2099 [2, 2, 2, 5, 6, 6, 6, 9, 9, 9, 9, 9, 9, 9, 9, 9, 10, 15, 30]
877 : 2100 [2, 2, 2, 3, 5, 7, 8, 8, 8, 10, 10, 14, 20, 21, 24]
878 : 2101 [2, 2, 2, 3, 6, 6, 6, 6, 8, 12, 24, 24, 24]
879 : 2102 [2, 2, 2, 3, 4, 12, 12, 12, 12, 12, 12, 12, 12, 12, 12, 15, 20]
880 : 2103 [2, 2, 2, 5, 5, 5, 6, 6, 10, 10, 10, 10, 10, 10, 12, 20, 20, 20]
881 : 2104 [2, 2, 2, 4, 4, 5, 6, 9, 9, 10, 12, 12, 15, 18, 30]
882 : 2105 [2, 2, 2, 5, 5, 5, 6, 10, 10, 10, 10, 10, 10, 10, 12, 12, 12, 15, 15, 20]
883 : 2106 [2, 2, 2, 3, 6, 7, 7, 7, 7, 12, 12, 12, 14, 21, 28]
884 : 2107 [2, 2, 2, 6, 6, 6, 6, 6, 6, 8, 8, 8, 9, 9, 15, 18, 20, 24]
885 : 2108 [2, 2, 2, 4, 5, 6, 6, 10, 10, 10, 12, 12, 12, 12, 12, 12, 12, 15, 15, 15]
886 : 2109 [2, 2, 2, 4, 5, 5, 5, 9, 9, 12, 12, 12, 12, 12, 18, 20, 20]
887 : 2110 [2, 2, 2, 4, 6, 6, 6, 7, 10, 10, 10, 10, 10, 10, 12, 12, 14, 20, 21]
888 : 2111 [2, 2, 2, 4, 4, 4, 9, 9, 12, 14, 14, 14, 14, 14, 18, 21]
889 : 2112 [2, 2, 2, 3, 5, 6, 6, 10, 10, 12, 15, 15, 20, 20, 20]
890 : 2113 [2, 2, 3, 3, 4, 4, 5, 5, 6, 10, 10, 10, 12, 15, 20, 30]
891 : 2114 [2, 2, 2, 3, 5, 6, 10, 10, 10, 12, 12, 12, 15, 15, 15, 15, 20]
892 : 2115 [2, 2, 2, 4, 5, 8, 8, 8, 8, 9, 9, 10, 10, 12, 12, 12, 12, 12, 18, 20]
893 : 2116 [2, 2, 2, 4, 4, 6, 6, 8, 8, 12, 12, 12, 12, 12, 24, 24]
894 : 2117 [2, 2, 3, 4, 4, 4, 4, 5, 6, 10, 10, 10, 10, 15, 15, 15, 15, 15, 15, 15]
895 : 2118 [2, 2, 2, 3, 6, 7, 10, 10, 10, 10, 10, 10, 10, 14, 15, 15, 15, 21]
896 : 2119 [2, 2, 2, 4, 5, 5, 5, 8, 8, 8, 16, 16, 16, 16, 20, 20]
897 : 2120 [2, 2, 2, 5, 5, 6, 6, 6, 10, 10, 10, 10, 10, 10, 15, 15, 15, 15, 15, 15]
898 : 2121 [2, 2, 2, 3, 6, 8, 8, 8, 12, 12, 12, 12, 12, 12, 12, 12, 12, 24]
899 : 2122 [2, 2, 2, 3, 4, 6, 8, 8, 12, 15, 20, 24, 24]
900 : 2123 [2, 2, 2, 5, 5, 5, 5, 9, 9, 10, 10, 10, 10, 15, 15, 15, 15, 15, 18]
901 : 2124 [2, 2, 3, 3, 4, 5, 5, 8, 8, 8, 8, 10, 10, 10, 10, 12, 12, 12, 12, 20, 20]
902 : 2125 [2, 2, 2, 4, 5, 8, 8, 8, 8, 8, 8, 8, 10, 10, 16, 16, 16, 16, 20]
903 : 2126 [2, 2, 2, 3, 6, 6, 6, 12, 12, 12, 12, 14, 14, 14, 14, 14, 21]
904 : 2127 [2, 2, 2, 6, 7, 8, 8, 8, 8, 8, 8, 8, 8, 8, 8, 8, 8, 14, 15, 20, 21]
905 : 2128 [2, 2, 2, 4, 6, 6, 6, 8, 8, 8, 8, 9, 9, 15, 15, 18, 20, 20]
906 : 2129 [2, 2, 2, 3, 6, 6, 6, 10, 10, 15, 15, 15, 15, 15, 15, 15, 15]
907 : 2130 [2, 2, 2, 4, 4, 7, 8, 8, 8, 8, 10, 12, 14, 15, 15, 15, 15, 21]
908 : 2131 [2, 2, 2, 5, 5, 5, 6, 9, 9, 9, 9, 9, 9, 10, 15, 15, 18, 18, 18]
909 : 2132 [2, 2, 2, 3, 5, 5, 9, 9, 15, 15, 15, 15, 15, 15, 15, 18]
910 : 2133 [2, 2, 3, 3, 3, 4, 8, 8, 8, 8, 12, 12, 12, 12, 15, 15, 20, 20]
911 : 2134 [2, 2, 2, 5, 6, 6, 8, 8, 8, 8, 8, 8, 8, 8, 10, 12, 12, 15, 30]
912 : 2135 [2, 2, 2, 4, 4, 5, 6, 6, 10, 12, 15, 15, 20, 30]
913 : 2136 [2, 2, 2, 6, 6, 6, 6, 6, 6, 6, 8, 8, 12, 16, 16, 16, 16, 24]
914 : 2137 [2, 2, 2, 4, 8, 8, 8, 8, 8, 8, 8, 8, 9, 9, 9, 9, 15, 18, 18, 20]
915 : 2138 [2, 2, 3, 3, 4, 4, 6, 6, 6, 6, 7, 14, 15, 15, 20, 20, 21]
916 : 2139 [2, 2, 3, 3, 4, 5, 6, 6, 8, 8, 8, 8, 10, 10, 10, 12, 15, 15, 15, 15, 20]
917 : 2140 [2, 2, 2, 3, 5, 9, 9, 10, 10, 12, 12, 12, 12, 12, 12, 12, 18, 20]
918 : 2141 [2, 2, 2, 3, 4, 4, 12, 18, 18, 36]
919 : 2142 [2, 2, 2, 4, 4, 4, 6, 14, 14, 14, 14, 14, 15, 20, 21]
920 : 2143 [2, 2, 2, 4, 4, 4, 5, 7, 28, 35]
921 : 2144 [2, 2, 2, 4, 5, 5, 6, 7, 10, 10, 10, 10, 12, 14, 20, 20, 21]
922 : 2145 [2, 2, 3, 3, 4, 5, 5, 5, 6, 8, 8, 8, 10, 10, 40]
923 : 2146 [2, 2, 2, 3, 5, 5, 5, 15, 15, 20, 20, 20, 20]
924 : 2147 [2, 2, 2, 4, 4, 6, 6, 7, 12, 12, 12, 12, 12, 14, 15, 20, 21]
925 : 2148 [2, 2, 2, 4, 5, 8, 8, 8, 8, 10, 10, 10, 12, 12, 12, 12, 12, 12, 15, 15, 15]
926 : 2149 [2, 2, 2, 5, 8, 8, 8, 8, 8, 8, 8, 8, 10, 10, 10, 10, 10, 10, 10, 10, 20, 20]
927 : 2150 [2, 2, 2, 3, 5, 8, 8, 8, 10, 10, 12, 12, 16, 16, 16, 16, 20]
928 : 2151 [2, 2, 2, 3, 6, 6, 7, 7, 7, 14, 14, 14, 21, 21, 21]
929 : 2152 [2, 2, 2, 3, 5, 8, 8, 8, 8, 10, 10, 15, 15, 20, 20, 20]
930 : 2153 [2, 2, 2, 3, 4, 6, 7, 12, 14, 15, 15, 20, 20, 21]
931 : 2154 [2, 2, 2, 4, 5, 6, 6, 6, 8, 8, 8, 10, 15, 24, 30]
932 : 2155 [2, 2, 2, 3, 4, 7, 10, 12, 12, 12, 14, 15, 15, 15, 15, 21]
933 : 2156 [2, 2, 2, 4, 4, 8, 8, 8, 8, 8, 8, 12, 12, 12, 12, 24, 24]
934 : 2157 [2, 2, 2, 4, 5, 5, 6, 6, 12, 12, 12, 15, 15, 15, 15, 15, 15, 15]
935 : 2158 [2, 2, 3, 3, 3, 3, 12, 12, 12, 12, 12, 12, 15, 15, 20, 20]
936 : 2159 [2, 2, 2, 5, 5, 5, 6, 6, 8, 8, 8, 12, 12, 12, 20, 20, 24]
937 : 2160 [2, 2, 2, 4, 4, 9, 9, 9, 9, 10, 10, 10, 10, 10, 10, 12, 18, 18, 20]
938 : 2161 [2, 2, 2, 4, 6, 6, 6, 6, 9, 9, 9, 9, 9, 12, 12, 36]
939 : 2162 [2, 2, 2, 3, 8, 8, 8, 8, 9, 9, 9, 9, 12, 12, 15, 18, 18, 20]
940 : 2163 [2, 2, 3, 4, 4, 5, 5, 5, 5, 5, 12, 12, 12, 12, 12, 12, 15, 15, 15, 15, 15]
941 : 2164 [2, 2, 2, 5, 5, 5, 10, 10, 10, 10, 10, 10, 10, 12, 12, 12, 12, 12, 12, 12, 12, 15]
942 : 2165 [2, 2, 2, 4, 5, 6, 6, 10, 10, 12, 12, 12, 12, 12, 12, 12, 12, 12, 12, 20]
943 : 2166 [2, 2, 2, 3, 6, 8, 8, 8, 8, 12, 12, 12, 14, 14, 14, 14, 14, 21]
944 : 2167 [2, 2, 2, 4, 5, 5, 6, 6, 8, 8, 8, 15, 40]
945 : 2168 [2, 2, 3, 3, 3, 6, 6, 7, 10, 10, 10, 10, 10, 10, 10, 14, 15, 15, 15, 21]
946 : 2169 [2, 2, 3, 3, 4, 4, 5, 9, 9, 10, 10, 10, 10, 10, 10, 10, 10, 18, 20, 20]
947 : 2170 [2, 2, 2, 4, 8, 8, 8, 8, 8, 8, 8, 8, 9, 9, 10, 12, 15, 15, 15, 15, 18]
948 : 2171 [2, 2, 2, 3, 5, 6, 10, 10, 12, 12, 12, 12, 12, 12, 15, 20, 20]
949 : 2172 [2, 2, 2, 3, 6, 6, 7, 8, 8, 8, 14, 15, 20, 21, 24]
950 : 2173 [2, 2, 2, 3, 5, 10, 10, 10, 12, 12, 12, 12, 12, 12, 12, 12, 15, 15, 15]
951 : 2174 [2, 2, 2, 5, 8, 8, 8, 8, 8, 8, 8, 8, 8, 8, 8, 8, 10, 12, 15, 30]
952 : 2175 [2, 2, 2, 3, 6, 7, 10, 10, 10, 10, 10, 10, 12, 12, 12, 14, 20, 21]
953 : 2176 [2, 2, 2, 4, 4, 4, 6, 8, 12, 12, 24, 24, 24]
954 : 2177 [2, 2, 2, 5, 5, 6, 6, 6, 10, 10, 10, 10, 10, 12, 12, 12, 15, 15, 15, 20]
955 : 2178 [2, 2, 2, 4, 6, 6, 6, 6, 6, 12, 12, 12, 12, 12, 15, 15, 20, 20]
956 : 2179 [2, 2, 3, 3, 3, 6, 6, 6, 6, 10, 10, 15, 15, 15, 15, 15, 15, 15, 15]
957 : 2180 [2, 2, 2, 4, 6, 6, 6, 6, 10, 12, 12, 12, 12, 12, 12, 12, 15, 15, 15, 15]
958 : 2181 [2, 2, 2, 3, 4, 8, 8, 12, 12, 12, 12, 12, 12, 24, 24]
959 : 2182 [2, 2, 3, 3, 3, 5, 5, 6, 9, 9, 15, 15, 15, 15, 15, 15, 15, 18]
960 : 2183 [2, 2, 2, 6, 6, 6, 8, 8, 8, 8, 10, 10, 10, 10, 10, 10, 10, 12, 12, 12, 15, 15, 15]
961 : 2184 [2, 2, 2, 3, 6, 6, 6, 6, 12, 15, 15, 15, 20, 20, 20]
962 : 2185 [2, 2, 2, 4, 4, 4, 5, 10, 20, 20, 20, 20, 20]
963 : 2186 [2, 2, 2, 3, 6, 6, 6, 10, 12, 12, 12, 15, 15, 15, 15, 15, 20]
964 : 2187 [2, 2, 2, 4, 4, 7, 8, 8, 8, 8, 12, 12, 12, 12, 14, 15, 20, 21]
965 : 2188 [2, 2, 2, 6, 6, 9, 9, 9, 9, 9, 9, 9, 9, 9, 10, 10, 10, 10, 10, 10, 10, 15, 15, 15]
966 : 2189 [2, 2, 3, 3, 5, 5, 5, 5, 5, 10, 10, 10, 10, 10, 12, 12, 15, 15, 20, 20]
967 : 2190 [2, 2, 2, 6, 8, 8, 8, 8, 8, 8, 8, 8, 9, 9, 10, 10, 10, 10, 10, 10, 12, 18, 20]
968 : 2191 [2, 2, 2, 3, 6, 6, 7, 7, 12, 12, 12, 14, 14, 14, 14, 28]
969 : 2192 [2, 2, 2, 4, 6, 9, 9, 9, 9, 9, 9, 9, 9, 9, 9, 9, 12, 12, 15, 18, 20]
970 : 2193 [2, 2, 2, 3, 5, 7, 9, 9, 10, 10, 10, 14, 15, 15, 15, 18, 21]
971 : 2194 [2, 2, 2, 4, 4, 5, 6, 10, 12, 12, 12, 12, 12, 12, 15, 30]
972 : 2195 [2, 2, 2, 3, 8, 8, 8, 8, 9, 9, 10, 12, 12, 12, 15, 15, 15, 15, 18]
973 : 2196 [2, 2, 3, 3, 3, 5, 5, 5, 6, 15, 15, 20, 20, 20, 20]
974 : 2197 [2, 2, 2, 4, 5, 5, 8, 8, 8, 8, 12, 12, 15, 15, 15, 15, 15, 15, 15]
975 : 2198 [2, 2, 2, 3, 4, 5, 6, 20, 20, 20, 30]
976 : 2199 [2, 2, 2, 4, 5, 5, 5, 12, 12, 12, 12, 12, 12, 12, 12, 12, 20, 20]
977 : 2200 [2, 2, 2, 3, 4, 5, 10, 12, 12, 15, 15, 20, 30]
978 : 2201 [2, 2, 2, 3, 6, 7, 9, 9, 9, 9, 9, 9, 14, 18, 18, 18, 21]
979 : 2202 [2, 2, 3, 3, 3, 5, 6, 8, 8, 8, 8, 10, 10, 15, 15, 20, 20, 20]
980 : 2203 [2, 2, 3, 3, 3, 4, 6, 6, 7, 12, 14, 15, 15, 20, 20, 21]
981 : 2204 [2, 2, 2, 3, 6, 6, 9, 9, 10, 10, 10, 10, 10, 15, 18, 30]
982 : 2205 [2, 2, 2, 4, 5, 8, 8, 8, 8, 10, 10, 12, 12, 12, 12, 12, 12, 12, 12, 12, 20]
983 : 2206 [2, 2, 2, 3, 4, 6, 9, 12, 12, 12, 18, 18, 18, 18, 18]
984 : 2207 [2, 2, 3, 3, 4, 5, 5, 6, 6, 6, 12, 12, 12, 15, 15, 15, 15, 15, 15, 15]
985 : 2208 [2, 2, 3, 4, 4, 6, 6, 6, 6, 6, 9, 9, 9, 9, 9, 9, 9, 9, 9, 15, 15, 20, 20]
986 : 2209 [2, 2, 2, 4, 5, 5, 7, 7, 7, 10, 10, 10, 10, 20, 20, 28]
987 : 2210 [2, 2, 3, 3, 4, 4, 6, 9, 9, 9, 9, 10, 10, 10, 10, 10, 10, 12, 18, 18, 20]
988 : 2211 [2, 2, 2, 4, 7, 8, 8, 8, 9, 9, 9, 9, 9, 9, 9, 9, 9, 14, 21, 24]
989 : 2212 [2, 2, 2, 3, 4, 7, 12, 12, 12, 12, 12, 12, 14, 15, 20, 21]
990 : 2213 [2, 2, 2, 5, 5, 5, 5, 10, 10, 10, 10, 12, 12, 12, 12, 15, 15, 15, 15, 15]
991 : 2214 [2, 2, 3, 3, 5, 5, 5, 6, 10, 10, 10, 10, 10, 10, 10, 12, 12, 12, 12, 12, 12, 12, 12, 15]
992 : 2215 [2, 2, 2, 4, 7, 7, 7, 8, 8, 8, 8, 10, 10, 10, 10, 10, 10, 20, 28]
993 : 2216 [2, 2, 2, 4, 4, 8, 8, 8, 9, 9, 9, 9, 12, 12, 12, 18, 18, 24]
994 : 2217 [2, 2, 2, 5, 5, 6, 8, 8, 8, 8, 10, 10, 10, 10, 10, 12, 12, 15, 15, 15, 20]
995 : 2218 [2, 2, 2, 3, 4, 7, 7, 7, 15, 15, 20, 20, 28]
996 : 2219 [2, 2, 2, 3, 5, 6, 8, 8, 8, 10, 12, 15, 24, 30]
997 : 2220 [2, 2, 2, 4, 6, 6, 8, 8, 8, 8, 10, 12, 12, 12, 12, 12, 12, 15, 15, 15, 15]
998 : 2221 [2, 2, 2, 4, 5, 5, 5, 8, 8, 10, 12, 12, 15, 15, 24, 24]
999 : 2222 [2, 2, 2, 3, 5, 5, 12, 12, 12, 12, 15, 15, 15, 15, 15, 15, 15]
1000 : 2223 [2, 2, 2, 4, 6, 6, 9, 9, 9, 9, 9, 9, 9, 9, 9, 12, 15, 15, 20, 20]
1001 : 2224 [2, 2, 2, 3, 6, 6, 8, 8, 8, 8, 15, 15, 15, 20, 20, 20]
1002 : 2225 [2, 2, 2, 4, 5, 6, 8, 8, 8, 8, 8, 8, 10, 10, 20, 24, 24]
1003 : 2226 [2, 2, 2, 3, 4, 8, 8, 8, 14, 14, 14, 14, 14, 21, 24]
1004 : 2227 [2, 2, 2, 4, 8, 8, 8, 8, 8, 8, 8, 8, 9, 9, 12, 12, 12, 12, 15, 18, 20]
1005 : 2228 [2, 2, 2, 4, 4, 4, 9, 9, 12, 12, 12, 15, 15, 18, 20, 20]
1006 : 2229 [2, 2, 2, 4, 6, 6, 6, 6, 10, 10, 10, 10, 10, 12, 12, 12, 15, 30]
1007 : 2230 [2, 2, 2, 3, 5, 10, 10, 12, 12, 12, 12, 12, 12, 12, 12, 12, 12, 12, 20]
1008 : 2231 [2, 2, 2, 3, 6, 7, 8, 8, 8, 12, 12, 12, 12, 12, 14, 21, 24]
1009 : 2232 [2, 2, 2, 3, 5, 5, 8, 8, 8, 12, 15, 40]
1010 : 2233 [2, 2, 3, 3, 6, 6, 6, 6, 8, 8, 8, 8, 10, 10, 10, 10, 10, 10, 10, 12, 12, 12, 15, 15, 15]
1011 : 2234 [2, 2, 2, 5, 5, 6, 6, 6, 10, 10, 10, 10, 12, 12, 12, 12, 12, 12, 20, 20]
1012 : 2235 [2, 2, 2, 5, 6, 6, 6, 6, 7, 8, 8, 8, 10, 10, 14, 20, 21, 24]
1013 : 2236 [2, 2, 2, 3, 6, 6, 6, 7, 14, 14, 14, 14, 14, 14, 21, 21]
1014 : 2237 [2, 2, 2, 4, 6, 6, 6, 6, 12, 12, 12, 12, 12, 12, 12, 12, 12, 12, 15, 20]
1015 : 2238 [2, 2, 3, 3, 6, 6, 6, 9, 9, 9, 9, 9, 9, 9, 9, 9, 10, 10, 10, 10, 10, 10, 10, 15, 15, 15]
1016 : 2239 [2, 2, 3, 5, 5, 5, 5, 5, 5, 5, 9, 9, 9, 9, 10, 10, 10, 10, 15, 15, 15, 18, 18]
1017 : 2240 [2, 2, 2, 3, 7, 7, 7, 10, 10, 10, 10, 10, 10, 12, 12, 20, 28]
1018 : 2241 [2, 2, 2, 4, 8, 8, 8, 8, 8, 8, 8, 8, 9, 9, 9, 9, 9, 36]
1019 : 2242 [2, 2, 2, 6, 6, 6, 8, 8, 8, 9, 9, 9, 9, 9, 9, 9, 9, 9, 15, 20, 24]
1020 : 2243 [2, 2, 2, 3, 6, 6, 6, 12, 12, 12, 12, 12, 12, 15, 15, 20, 20]
1021 : 2244 [2, 2, 2, 4, 6, 6, 10, 10, 10, 10, 10, 10, 10, 10, 10, 10, 10, 10, 12, 20, 20]
1022 : 2245 [2, 2, 2, 3, 6, 6, 10, 12, 12, 12, 12, 12, 12, 12, 12, 15, 15, 15, 15]
1023 : 2246 [2, 2, 2, 4, 6, 8, 8, 8, 8, 9, 9, 12, 12, 12, 12, 12, 12, 12, 12, 12, 12, 18]
1024 : 2247 [2, 2, 2, 4, 4, 6, 8, 8, 8, 9, 9, 12, 12, 15, 18, 20, 24]
1025 : 2248 [2, 2, 3, 3, 3, 4, 5, 6, 6, 20, 20, 20, 30]
1026 : 2249 [2, 2, 2, 5, 6, 6, 6, 6, 6, 10, 10, 10, 12, 12, 12, 15, 15, 15, 15, 20]
1027 : 2250 [2, 2, 2, 3, 5, 6, 8, 8, 10, 10, 12, 12, 20, 24, 24]
1028 : 2251 [2, 2, 2, 3, 4, 8, 8, 9, 9, 16, 16, 16, 16, 18, 24]
1029 : 2252 [2, 2, 2, 3, 8, 8, 8, 8, 9, 9, 12, 12, 12, 12, 12, 12, 15, 18, 20]
1030 : 2253 [2, 2, 2, 6, 6, 6, 6, 6, 7, 10, 10, 10, 10, 10, 10, 10, 14, 15, 15, 15, 21]
1031 : 2254 [2, 2, 3, 3, 3, 6, 6, 6, 9, 9, 10, 10, 10, 10, 10, 15, 18, 30]
1032 : 2255 [2, 2, 3, 3, 3, 5, 5, 5, 12, 12, 12, 12, 12, 15, 20, 20, 20]
1033 : 2256 [2, 2, 2, 4, 5, 6, 7, 8, 8, 8, 8, 10, 10, 14, 15, 20, 20, 21]
1034 : 2257 [2, 2, 2, 4, 4, 6, 6, 7, 7, 12, 14, 14, 15, 20, 21, 21]
1035 : 2258 [2, 2, 2, 4, 5, 7, 8, 8, 8, 8, 10, 10, 10, 12, 12, 14, 15, 15, 15, 21]
1036 : 2259 [2, 2, 2, 4, 4, 4, 6, 12, 12, 15, 15, 15, 20, 20, 20]
1037 : 2260 [2, 2, 2, 4, 4, 8, 8, 8, 10, 10, 10, 10, 10, 10, 16, 16, 16, 16, 20]
1038 : 2261 [2, 2, 2, 4, 4, 4, 10, 12, 12, 12, 12, 15, 15, 15, 15, 15, 20]
1039 : 2262 [2, 2, 2, 3, 8, 8, 8, 8, 8, 8, 8, 12, 15, 16, 16, 16, 16, 20]
1040 : 2263 [2, 2, 2, 4, 5, 5, 6, 6, 10, 10, 10, 12, 12, 15, 20, 30]
1041 : 2264 [2, 2, 2, 6, 6, 6, 6, 6, 6, 6, 10, 10, 15, 15, 15, 15, 15, 15, 15, 15]
1042 : 2265 [2, 2, 2, 3, 6, 6, 7, 9, 9, 10, 14, 15, 15, 15, 15, 18, 21]
1043 : 2266 [2, 2, 2, 3, 8, 8, 8, 8, 9, 9, 9, 9, 9, 12, 12, 36]
1044 : 2267 [2, 2, 2, 5, 5, 6, 6, 6, 6, 9, 9, 15, 15, 15, 15, 15, 15, 15, 18]
1045 : 2268 [2, 2, 2, 5, 5, 5, 5, 6, 10, 10, 12, 12, 12, 12, 12, 20, 20, 20]
1046 : 2269 [2, 2, 2, 4, 6, 6, 8, 8, 8, 8, 10, 10, 10, 10, 10, 12, 12, 15, 30]
1047 : 2270 [2, 2, 2, 4, 4, 5, 6, 10, 10, 12, 14, 14, 14, 14, 14, 20, 21]
1048 : 2271 [2, 2, 2, 3, 5, 5, 10, 10, 10, 10, 15, 15, 15, 15, 30]
1049 : 2272 [2, 2, 3, 3, 3, 5, 5, 6, 12, 12, 12, 12, 15, 15, 15, 15, 15, 15, 15]
1050 : 2273 [2, 2, 3, 3, 4, 6, 6, 6, 9, 9, 9, 9, 9, 9, 9, 9, 9, 12, 15, 15, 20, 20]
1051 : 2274 [2, 2, 2, 5, 5, 5, 7, 10, 10, 10, 10, 10, 10, 10, 12, 12, 12, 12, 14, 15, 21]
1052 : 2275 [2, 2, 2, 3, 8, 8, 8, 9, 9, 10, 10, 10, 10, 10, 10, 18, 20, 24]
1053 : 2276 [2, 2, 2, 4, 4, 6, 6, 6, 6, 12, 18, 18, 36]
1054 : 2277 [2, 2, 2, 4, 6, 6, 8, 8, 8, 8, 12, 12, 12, 12, 12, 12, 12, 12, 12, 15, 20]
1055 : 2278 [2, 2, 2, 4, 4, 6, 6, 8, 8, 8, 12, 15, 15, 20, 20, 24]
1056 : 2279 [2, 2, 2, 3, 5, 6, 9, 9, 9, 9, 10, 15, 18, 18, 30]
1057 : 2280 [2, 2, 2, 3, 3, 15, 15, 15, 15, 15, 15, 30]
1058 : 2281 [2, 2, 2, 3, 5, 6, 7, 10, 10, 12, 12, 14, 15, 20, 20, 21]
1059 : 2282 [2, 2, 2, 4, 6, 9, 9, 9, 9, 9, 9, 9, 9, 9, 12, 12, 12, 12, 12, 12, 15, 20]
1060 : 2283 [2, 2, 2, 3, 5, 7, 10, 10, 10, 12, 12, 12, 12, 14, 15, 15, 15, 21]
1061 : 2284 [2, 2, 2, 4, 8, 8, 8, 8, 10, 10, 10, 10, 10, 10, 10, 10, 10, 10, 10, 10, 20, 20]
1062 : 2285 [2, 2, 2, 3, 8, 8, 8, 8, 10, 12, 12, 12, 12, 12, 12, 12, 15, 15, 15, 15]
1063 : 2286 [2, 2, 2, 6, 6, 6, 6, 6, 6, 7, 7, 7, 14, 14, 14, 21, 21, 21]
1064 : 2287 [2, 2, 2, 3, 4, 10, 10, 10, 10, 10, 10, 15, 15, 20, 20, 20]
1065 : 2288 [2, 2, 2, 3, 9, 9, 9, 9, 9, 9, 9, 9, 9, 12, 12, 15, 15, 20, 20]
1066 : 2289 [2, 2, 2, 5, 6, 6, 6, 8, 8, 8, 8, 10, 10, 10, 12, 12, 15, 15, 15, 15, 20]
1067 : 2290 [2, 2, 2, 4, 6, 6, 6, 6, 7, 10, 12, 12, 12, 14, 15, 15, 15, 15, 21]
1068 : 2291 [2, 2, 2, 3, 4, 7, 8, 8, 12, 12, 14, 21, 24, 24]
1069 : 2292 [2, 2, 2, 5, 5, 5, 8, 8, 8, 8, 9, 9, 10, 12, 12, 15, 15, 15, 18, 20]
1070 : 2293 [2, 2, 3, 3, 3, 6, 6, 6, 6, 12, 12, 12, 12, 12, 12, 15, 15, 20, 20]
1071 : 2294 [2, 2, 2, 3, 6, 6, 10, 10, 10, 10, 10, 12, 12, 12, 12, 15, 30]
1072 : 2295 [2, 2, 2, 5, 5, 5, 6, 6, 8, 8, 8, 10, 10, 12, 40]
1073 : 2296 [2, 2, 2, 3, 7, 7, 7, 8, 8, 8, 12, 12, 12, 12, 24, 28]
1074 : 2297 [2, 2, 2, 4, 4, 7, 7, 8, 8, 8, 8, 14, 14, 15, 20, 21, 21]
1075 : 2298 [2, 2, 2, 5, 8, 8, 8, 8, 8, 8, 8, 8, 9, 9, 10, 10, 10, 12, 12, 15, 15, 15, 18]
1076 : 2299 [2, 2, 2, 4, 4, 5, 9, 9, 10, 10, 10, 12, 15, 15, 15, 15, 18, 20]
1077 : 2300 [2, 2, 2, 4, 6, 6, 8, 8, 8, 10, 10, 10, 10, 10, 10, 12, 12, 12, 20, 24]
1078 : 2301 [2, 2, 2, 6, 6, 6, 6, 6, 8, 8, 8, 8, 12, 12, 12, 14, 14, 14, 14, 14, 21]
1079 : 2302 [2, 2, 2, 3, 6, 6, 12, 12, 12, 12, 12, 12, 12, 12, 12, 12, 12, 15, 20]
1080 : 2303 [2, 2, 2, 4, 5, 5, 8, 8, 8, 8, 10, 10, 10, 12, 15, 20, 30]
1081 : 2304 [2, 2, 2, 4, 4, 5, 6, 7, 10, 12, 12, 14, 15, 21, 30]
1082 : 2305 [2, 2, 3, 3, 3, 4, 8, 8, 8, 9, 9, 10, 15, 15, 15, 15, 18, 24]
1083 : 2306 [2, 2, 2, 4, 4, 8, 8, 8, 9, 9, 12, 12, 12, 12, 12, 12, 12, 18, 24]
1084 : 2307 [2, 2, 2, 4, 4, 6, 9, 9, 9, 9, 9, 9, 12, 15, 18, 18, 18, 20]
1085 : 2308 [2, 2, 2, 3, 8, 8, 8, 10, 10, 10, 10, 10, 10, 10, 12, 15, 15, 15, 24]
1086 : 2309 [2, 2, 2, 3, 10, 10, 10, 10, 10, 10, 10, 10, 10, 10, 10, 10, 12, 12, 20, 20]
1087 : 2310 [2, 2, 2, 4, 4, 4, 10, 10, 10, 10, 10, 15, 15, 20, 30]
1088 : 2311 [2, 2, 2, 4, 4, 4, 7, 12, 14, 14, 14, 14, 14, 14, 21, 21]
1089 : 2312 [2, 2, 3, 3, 3, 6, 8, 8, 8, 8, 8, 8, 8, 12, 15, 16, 16, 16, 16, 20]
1090 : 2313 [2, 2, 3, 3, 3, 3, 5, 12, 20, 20, 20, 30]
1091 : 2314 [2, 2, 3, 3, 4, 4, 8, 8, 8, 8, 10, 10, 10, 10, 10, 10, 10, 15, 15, 15, 15, 20]
1092 : 2315 [2, 2, 2, 4, 5, 7, 8, 8, 8, 8, 10, 10, 12, 12, 12, 12, 12, 14, 20, 21]
1093 : 2316 [2, 2, 2, 3, 6, 6, 6, 9, 9, 9, 18, 18, 18, 18, 18, 18]
1094 : 2317 [2, 2, 2, 4, 8, 8, 8, 8, 8, 8, 8, 8, 12, 12, 12, 12, 12, 12, 12, 12, 15, 20]
1095 : 2318 [2, 2, 2, 4, 4, 4, 12, 12, 12, 12, 12, 12, 12, 15, 15, 20, 20]
1096 : 2319 [2, 2, 2, 4, 5, 6, 9, 9, 10, 10, 10, 10, 10, 10, 10, 10, 12, 18, 20, 20]
1097 : 2320 [2, 2, 2, 5, 6, 9, 9, 9, 9, 9, 9, 9, 9, 9, 9, 9, 10, 10, 12, 12, 12, 18, 20]
1098 : 2321 [2, 2, 2, 4, 5, 9, 9, 10, 10, 10, 10, 10, 10, 10, 10, 10, 12, 12, 12, 15, 15, 18]
1099 : 2322 [2, 2, 2, 3, 4, 7, 7, 12, 12, 14, 14, 15, 20, 21, 21]
1100 : 2323 [2, 2, 2, 5, 5, 5, 5, 7, 10, 10, 10, 10, 14, 15, 15, 15, 15, 15, 21]
1101 : 2324 [2, 2, 3, 3, 5, 5, 5, 6, 7, 10, 10, 10, 10, 10, 10, 10, 12, 12, 12, 12, 14, 15, 21]
1102 : 2325 [2, 2, 2, 5, 5, 5, 8, 8, 8, 8, 10, 10, 12, 12, 12, 15, 15, 15, 15, 15, 15]
1103 : 2326 [2, 2, 2, 4, 6, 6, 6, 7, 8, 8, 8, 12, 12, 14, 16, 16, 16, 16, 21]
1104 : 2327 [2, 2, 3, 3, 3, 4, 7, 7, 7, 12, 12, 12, 12, 12, 15, 20, 28]
1105 : 2328 [2, 2, 2, 3, 5, 5, 10, 10, 10, 12, 12, 12, 15, 20, 30]
1106 : 2329 [2, 2, 2, 5, 5, 5, 5, 5, 8, 8, 8, 20, 40]
1107 : 2330 [2, 2, 2, 4, 4, 5, 6, 10, 10, 10, 15, 15, 15, 15, 15, 20, 20]
1108 : 2331 [2, 2, 2, 3, 8, 8, 8, 8, 8, 8, 9, 9, 12, 12, 18, 24, 24]
1109 : 2332 [2, 2, 2, 3, 5, 5, 7, 14, 15, 15, 15, 15, 15, 15, 15, 21]
1110 : 2333 [2, 2, 2, 4, 5, 6, 6, 6, 6, 6, 20, 20, 20, 30]
1111 : 2334 [2, 2, 2, 3, 8, 8, 8, 8, 10, 10, 10, 10, 10, 12, 12, 12, 15, 30]
1112 : 2335 [2, 2, 2, 4, 4, 5, 7, 7, 10, 10, 14, 14, 14, 14, 20, 28]
1113 : 2336 [2, 2, 2, 4, 4, 4, 6, 8, 16, 16, 16, 16, 24, 24]
1114 : 2337 [2, 2, 2, 4, 4, 6, 8, 8, 8, 12, 12, 12, 12, 12, 12, 15, 20, 24]
1115 : 2338 [2, 2, 2, 4, 4, 6, 6, 9, 9, 9, 9, 15, 15, 18, 18, 20, 20]
1116 : 2339 [2, 2, 2, 6, 6, 6, 6, 6, 6, 9, 9, 10, 10, 10, 10, 10, 15, 18, 30]
1117 : 2340 [2, 2, 2, 3, 5, 7, 10, 10, 12, 12, 12, 12, 12, 12, 12, 14, 20, 21]
1118 : 2341 [2, 2, 2, 3, 4, 6, 6, 12, 12, 18, 18, 36]
1119 : 2342 [2, 2, 2, 3, 8, 8, 8, 8, 12, 12, 12, 12, 12, 12, 12, 12, 12, 12, 15, 20]
1120 : 2343 [2, 2, 2, 3, 4, 8, 8, 8, 12, 12, 15, 15, 20, 20, 24]
1121 : 2344 [2, 2, 2, 4, 5, 6, 8, 8, 8, 8, 9, 9, 10, 12, 12, 15, 18, 30]
1122 : 2345 [2, 2, 3, 3, 5, 5, 5, 6, 6, 6, 8, 8, 8, 10, 10, 12, 40]
1123 : 2346 [2, 2, 2, 3, 5, 7, 7, 7, 10, 10, 12, 15, 20, 20, 28]
1124 : 2347 [2, 2, 2, 4, 6, 6, 6, 6, 7, 12, 12, 12, 12, 12, 12, 14, 15, 20, 21]
1125 : 2348 [2, 2, 2, 5, 6, 6, 8, 8, 8, 8, 10, 10, 10, 12, 12, 12, 12, 12, 12, 12, 15, 15, 15]
1126 : 2349 [2, 2, 2, 5, 5, 5, 5, 8, 8, 10, 10, 10, 12, 12, 12, 15, 24, 24]
1127 : 2350 [2, 2, 2, 4, 5, 6, 6, 10, 10, 10, 10, 10, 10, 10, 10, 15, 20, 20, 20]
1128 : 2351 [2, 2, 2, 3, 4, 6, 8, 9, 9, 18, 24, 24, 24]
1129 : 2352 [2, 2, 2, 4, 5, 6, 10, 10, 10, 10, 10, 10, 10, 10, 10, 12, 12, 15, 15, 15, 20]
1130 : 2353 [2, 2, 2, 3, 6, 6, 6, 7, 12, 12, 14, 15, 15, 20, 20, 21]
1131 : 2354 [2, 2, 2, 5, 6, 6, 6, 6, 6, 8, 8, 8, 10, 12, 15, 24, 30]
1132 : 2355 [2, 2, 2, 3, 6, 6, 7, 10, 12, 12, 12, 12, 14, 15, 15, 15, 15, 21]
1133 : 2356 [2, 2, 2, 3, 7, 7, 7, 9, 9, 9, 9, 12, 12, 12, 18, 18, 28]
1134 : 2357 [2, 2, 2, 5, 5, 6, 6, 6, 6, 12, 12, 12, 12, 15, 15, 15, 15, 15, 15, 15]
1135 : 2358 [2, 2, 3, 3, 3, 6, 8, 8, 8, 10, 10, 10, 10, 10, 10, 10, 12, 15, 15, 15, 24]
1136 : 2359 [2, 2, 2, 5, 5, 5, 8, 8, 8, 8, 8, 8, 8, 16, 16, 16, 16, 20, 20]
1137 : 2360 [2, 2, 2, 4, 4, 6, 8, 8, 10, 10, 10, 10, 10, 10, 20, 24, 24]
1138 : 2361 [2, 2, 2, 3, 6, 12, 12, 12, 12, 12, 12, 12, 12, 12, 12, 12, 12, 12, 12, 12, 12]
1139 : 2362 [2, 2, 2, 3, 6, 8, 8, 8, 8, 8, 8, 12, 15, 20, 24, 24]
1140 : 2363 [2, 2, 3, 4, 5, 5, 5, 5, 5, 6, 6, 12, 12, 12, 12, 12, 12, 12, 15, 15, 15, 15, 15]
1141 : 2364 [2, 2, 3, 3, 5, 5, 8, 8, 8, 8, 8, 8, 8, 8, 10, 10, 10, 10, 12, 12, 12, 12, 20, 20]
1142 : 2365 [2, 2, 2, 3, 8, 8, 8, 10, 10, 10, 10, 10, 10, 12, 12, 12, 12, 20, 24]
1143 : 2366 [2, 2, 2, 4, 4, 9, 9, 9, 9, 9, 9, 12, 12, 12, 12, 12, 12, 18, 18, 18]
1144 : 2367 [2, 2, 2, 5, 5, 6, 6, 6, 6, 8, 8, 8, 12, 15, 40]
1145 : 2368 [2, 2, 2, 3, 9, 9, 9, 9, 10, 10, 10, 10, 10, 10, 10, 15, 15, 15, 18, 18]
1146 : 2369 [2, 2, 2, 3, 5, 6, 9, 9, 10, 12, 12, 12, 12, 15, 18, 30]
1147 : 2370 [2, 2, 2, 4, 4, 5, 9, 9, 9, 9, 9, 10, 10, 20, 36]
1148 : 2371 [2, 2, 2, 4, 4, 4, 7, 10, 14, 15, 15, 15, 15, 15, 20, 21]
1149 : 2372 [2, 2, 3, 3, 3, 4, 6, 7, 7, 12, 12, 14, 14, 15, 20, 21, 21]
1150 : 2373 [2, 2, 3, 3, 3, 8, 8, 8, 8, 8, 8, 8, 8, 12, 12, 12, 12, 15, 15, 20, 20]
1151 : 2374 [2, 2, 2, 5, 5, 5, 5, 6, 9, 10, 10, 10, 15, 18, 18, 18, 18, 18]
1152 : 2375 [2, 2, 2, 4, 5, 6, 6, 8, 8, 8, 8, 10, 12, 15, 15, 20, 30]
1153 : 2376 [2, 2, 2, 3, 4, 9, 9, 12, 12, 12, 14, 14, 14, 14, 14, 18, 21]
1154 : 2377 [2, 2, 2, 8, 8, 8, 8, 8, 8, 8, 8, 8, 8, 8, 8, 9, 9, 9, 9, 15, 18, 18, 20]
1155 : 2378 [2, 2, 2, 5, 5, 5, 5, 6, 7, 10, 10, 12, 14, 20, 20, 20, 21]
1156 : 2379 [2, 2, 3, 3, 5, 5, 5, 5, 5, 6, 8, 8, 8, 20, 40]
1157 : 2380 [2, 2, 2, 5, 5, 5, 5, 7, 10, 10, 10, 12, 12, 12, 14, 15, 15, 20, 21]
1158 : 2381 [2, 2, 2, 3, 4, 8, 8, 8, 8, 12, 18, 18, 36]
1159 : 2382 [2, 2, 2, 4, 4, 6, 8, 8, 8, 8, 14, 14, 14, 14, 14, 15, 20, 21]
1160 : 2383 [2, 2, 2, 4, 4, 5, 7, 8, 8, 8, 8, 28, 35]
1161 : 2384 [2, 2, 2, 5, 5, 5, 7, 7, 10, 10, 10, 10, 10, 10, 10, 14, 14, 15, 21, 21]
1162 : 2385 [2, 2, 2, 4, 4, 5, 6, 6, 10, 12, 20, 20, 20, 20, 20]
1163 : 2386 [2, 2, 2, 4, 6, 6, 6, 6, 8, 8, 9, 9, 16, 16, 16, 16, 18, 24]
1164 : 2387 [2, 2, 2, 3, 6, 7, 7, 7, 9, 9, 12, 12, 15, 18, 20, 28]
1165 : 2388 [2, 2, 2, 5, 8, 8, 8, 8, 8, 8, 8, 8, 10, 10, 10, 12, 12, 12, 12, 12, 12, 15, 15, 15]
1166 : 2389 [2, 2, 2, 4, 4, 5, 10, 10, 10, 12, 12, 12, 12, 12, 15, 15, 15, 15, 20]
1167 : 2390 [2, 2, 2, 4, 6, 6, 6, 8, 8, 8, 9, 9, 10, 15, 15, 15, 15, 18, 24]
1168 : 2391 [2, 2, 2, 3, 6, 7, 8, 8, 8, 12, 12, 12, 14, 16, 16, 16, 16, 21]
1169 : 2392 [2, 2, 2, 4, 6, 7, 9, 9, 9, 9, 9, 9, 9, 9, 9, 12, 12, 14, 15, 20, 21]
1170 : 2393 [2, 2, 2, 3, 5, 7, 7, 10, 10, 10, 14, 14, 15, 15, 15, 21, 21]
1171 : 2394 [2, 2, 2, 4, 5, 5, 9, 9, 9, 9, 10, 10, 10, 10, 12, 18, 18, 20, 20]
1172 : 2395 [2, 2, 2, 3, 7, 8, 8, 8, 8, 10, 12, 12, 12, 14, 15, 15, 15, 15, 21]
1173 : 2396 [2, 2, 2, 4, 4, 8, 8, 8, 12, 12, 12, 12, 12, 12, 12, 12, 12, 12, 12, 24]
1174 : 2397 [2, 2, 2, 4, 4, 4, 8, 8, 12, 12, 12, 15, 20, 24, 24]
1175 : 2398 [2, 2, 2, 3, 5, 6, 6, 6, 12, 20, 20, 20, 30]
1176 : 2399 [2, 2, 2, 5, 5, 5, 6, 6, 12, 12, 12, 12, 12, 12, 12, 12, 12, 12, 20, 20]
1177 : 2400 [2, 2, 2, 3, 5, 6, 6, 10, 12, 12, 12, 15, 15, 20, 30]
1178 : 2401 [2, 2, 2, 3, 6, 7, 7, 9, 9, 9, 9, 14, 14, 18, 18, 21, 21]
1179 : 2402 [2, 2, 2, 4, 4, 6, 6, 6, 10, 15, 15, 15, 15, 15, 15, 20, 20]
1180 : 2403 [2, 2, 2, 3, 4, 9, 9, 9, 9, 12, 15, 15, 18, 18, 20, 20]
1181 : 2404 [2, 2, 2, 3, 6, 6, 7, 10, 10, 10, 10, 10, 14, 15, 21, 30]
1182 : 2405 [2, 2, 2, 5, 5, 5, 8, 8, 8, 10, 10, 10, 10, 10, 10, 10, 15, 15, 20, 24]
1183 : 2406 [2, 2, 2, 3, 3, 12, 12, 12, 18, 18, 36]
1184 : 2407 [2, 2, 2, 3, 4, 6, 12, 12, 14, 14, 14, 14, 14, 15, 20, 21]
1185 : 2408 [2, 2, 2, 3, 4, 5, 7, 12, 12, 28, 35]
1186 : 2409 [2, 2, 2, 4, 5, 6, 10, 10, 10, 10, 10, 10, 10, 10, 12, 12, 12, 12, 12, 20, 20]
1187 : 2410 [2, 2, 2, 3, 5, 6, 8, 8, 10, 10, 16, 16, 16, 16, 20, 24]
1188 : 2411 [2, 2, 2, 4, 4, 6, 9, 9, 9, 9, 9, 9, 9, 12, 18, 36]
1189 : 2412 [2, 2, 2, 3, 6, 6, 7, 12, 12, 12, 12, 12, 12, 12, 14, 15, 20, 21]
1190 : 2413 [2, 2, 3, 3, 5, 5, 5, 8, 8, 8, 8, 8, 8, 8, 8, 10, 15, 15, 15, 15, 20, 20]
1191 : 2414 [2, 2, 2, 3, 5, 8, 8, 8, 10, 10, 10, 15, 15, 15, 15, 20, 24]
1192 : 2415 [2, 2, 2, 3, 5, 10, 10, 10, 10, 10, 10, 10, 10, 12, 15, 20, 20, 20]
1193 : 2416 [2, 2, 2, 4, 4, 6, 8, 8, 8, 8, 8, 12, 12, 24, 24, 24]
1194 : 2417 [2, 2, 3, 3, 5, 5, 6, 6, 6, 6, 6, 8, 8, 8, 12, 15, 40]
1195 : 2418 [2, 2, 2, 3, 6, 6, 7, 7, 7, 12, 15, 15, 20, 20, 28]
1196 : 2419 [2, 2, 2, 4, 5, 5, 5, 7, 7, 12, 14, 14, 20, 20, 21, 21]
1197 : 2420 [2, 2, 2, 3, 6, 7, 7, 7, 10, 12, 12, 12, 15, 15, 15, 15, 28]
1198 : 2421 [2, 2, 2, 3, 8, 8, 8, 8, 8, 8, 12, 12, 12, 12, 12, 12, 24, 24]
1199 : 2422 [2, 2, 2, 3, 6, 8, 8, 8, 9, 9, 9, 9, 15, 18, 18, 20, 24]
1200 : 2423 [2, 2, 2, 5, 5, 6, 10, 10, 10, 10, 10, 10, 10, 10, 10, 10, 10, 10, 15, 15, 15, 15, 15]
1201 : 2424 [2, 2, 2, 4, 6, 6, 6, 10, 10, 10, 10, 10, 10, 10, 12, 12, 15, 15, 15, 15, 20]
1202 : 2425 [2, 2, 2, 3, 9, 9, 9, 9, 10, 10, 10, 10, 10, 10, 12, 12, 12, 18, 18, 20]
1203 : 2426 [2, 2, 2, 3, 6, 6, 8, 8, 8, 12, 14, 14, 14, 14, 14, 21, 24]
1204 : 2427 [2, 2, 2, 4, 5, 5, 9, 9, 10, 10, 10, 10, 10, 12, 12, 15, 15, 15, 18, 20]
1205 : 2428 [2, 2, 2, 4, 4, 4, 7, 12, 12, 12, 14, 15, 15, 20, 20, 21]
1206 : 2429 [2, 2, 2, 6, 6, 6, 6, 6, 6, 10, 10, 10, 10, 10, 12, 12, 12, 12, 15, 30]
1207 : 2430 [2, 2, 2, 4, 4, 6, 9, 9, 10, 12, 12, 12, 12, 12, 12, 15, 15, 15, 15, 18]
1208 : 2431 [2, 2, 2, 4, 6, 8, 8, 8, 8, 9, 9, 10, 10, 10, 10, 10, 10, 15, 18, 20, 20]
1209 : 2432 [2, 2, 2, 3, 6, 10, 10, 10, 10, 10, 10, 10, 10, 15, 15, 15, 15, 15, 15, 15]
1210 : 2433 [2, 2, 2, 4, 8, 8, 8, 8, 9, 9, 10, 10, 10, 10, 10, 10, 10, 12, 12, 15, 15, 15, 18]
1211 : 2434 [2, 2, 2, 3, 4, 6, 9, 9, 15, 15, 15, 18, 20, 20, 20]
1212 : 2435 [2, 2, 2, 4, 4, 5, 8, 8, 9, 9, 10, 10, 18, 20, 24, 24]
1213 : 2436 [2, 2, 2, 3, 4, 9, 9, 10, 12, 12, 15, 15, 15, 15, 15, 18, 20]
1214 : 2437 [2, 2, 2, 5, 5, 8, 8, 8, 8, 8, 8, 8, 8, 12, 12, 15, 15, 15, 15, 15, 15, 15]
1215 : 2438 [2, 2, 2, 3, 5, 6, 8, 8, 8, 8, 20, 20, 20, 30]
1216 : 2439 [2, 2, 2, 4, 5, 9, 9, 9, 9, 9, 9, 9, 9, 9, 10, 12, 12, 12, 15, 30]
1217 : 2440 [2, 2, 2, 3, 5, 8, 8, 8, 8, 10, 12, 12, 15, 15, 20, 30]
1218 : 2441 [2, 2, 2, 3, 4, 6, 8, 12, 12, 12, 12, 24, 24, 24]
1219 : 2442 [2, 2, 2, 4, 4, 6, 6, 9, 9, 9, 9, 9, 15, 20, 36]
1220 : 2443 [2, 2, 2, 5, 5, 5, 5, 7, 7, 7, 10, 10, 20, 20, 20, 28]
1221 : 2444 [2, 2, 2, 4, 4, 8, 8, 8, 8, 10, 10, 12, 15, 15, 15, 15, 15, 15, 15, 15]
1222 : 2445 [2, 2, 2, 5, 8, 8, 8, 8, 8, 8, 8, 8, 10, 10, 12, 12, 12, 12, 12, 12, 12, 12, 12, 20]
1223 : 2446 [2, 2, 2, 3, 6, 8, 8, 8, 8, 9, 12, 12, 12, 18, 18, 18, 18, 18]
1224 : 2447 [2, 2, 2, 3, 3, 8, 15, 20, 24, 24, 24]
1225 : 2448 [2, 2, 3, 3, 3, 5, 6, 6, 6, 6, 12, 20, 20, 20, 30]
1226 : 2449 [2, 2, 2, 5, 5, 7, 7, 7, 8, 8, 8, 8, 10, 10, 10, 10, 20, 20, 28]
1227 : 2450 [2, 2, 2, 3, 4, 5, 10, 12, 12, 20, 20, 20, 20, 20]
1228 : 2451 [2, 2, 2, 3, 4, 7, 8, 8, 14, 16, 16, 16, 16, 21, 24]
1229 : 2452 [2, 2, 2, 3, 7, 8, 8, 8, 8, 12, 12, 12, 12, 12, 12, 14, 15, 20, 21]
1230 : 2453 [2, 2, 3, 3, 3, 4, 6, 9, 9, 9, 9, 12, 15, 15, 18, 18, 20, 20]
1231 : 2454 [2, 2, 3, 3, 3, 6, 6, 6, 7, 10, 10, 10, 10, 10, 14, 15, 21, 30]
1232 : 2455 [2, 2, 2, 3, 6, 8, 8, 8, 9, 9, 10, 12, 15, 15, 15, 15, 18, 24]
1233 : 2456 [2, 2, 2, 3, 6, 9, 9, 10, 10, 10, 10, 10, 10, 12, 12, 15, 18, 20, 20]
1234 : 2457 [2, 2, 2, 4, 5, 5, 6, 8, 8, 8, 15, 15, 15, 15, 15, 15, 15, 24]
1235 : 2458 [2, 2, 2, 3, 7, 7, 7, 8, 8, 8, 8, 15, 15, 20, 20, 28]
1236 : 2459 [2, 2, 2, 3, 5, 6, 10, 12, 12, 12, 12, 12, 12, 12, 12, 15, 30]
1237 : 2460 [2, 2, 2, 4, 5, 5, 10, 10, 10, 10, 10, 10, 12, 12, 12, 15, 15, 15, 15, 15, 15]
1238 : 2461 [2, 2, 2, 4, 4, 4, 7, 14, 14, 14, 14, 14, 14, 14, 14, 28]
1239 : 2462 [2, 2, 3, 3, 3, 6, 6, 6, 7, 12, 12, 12, 12, 12, 12, 12, 14, 15, 20, 21]
1240 : 2463 [2, 2, 2, 5, 5, 6, 6, 6, 6, 10, 10, 10, 12, 12, 12, 15, 20, 30]
1241 : 2464 [2, 2, 2, 4, 6, 8, 8, 8, 8, 10, 10, 10, 10, 10, 10, 10, 12, 15, 15, 15, 15, 20]
1242 : 2465 [2, 2, 2, 3, 6, 6, 7, 7, 10, 14, 14, 15, 15, 15, 15, 21, 21]
1243 : 2466 [2, 2, 2, 3, 4, 12, 12, 12, 12, 12, 12, 12, 14, 14, 14, 14, 14, 21]
1244 : 2467 [2, 2, 2, 3, 4, 6, 10, 12, 15, 15, 15, 15, 15, 15, 20, 20]
1245 : 2468 [2, 2, 2, 4, 4, 5, 8, 8, 10, 10, 10, 12, 15, 15, 15, 24, 24]
1246 : 2469 [2, 2, 2, 3, 4, 10, 10, 12, 12, 12, 15, 15, 15, 15, 15, 15, 15, 15]
1247 : 2470 [2, 2, 2, 4, 5, 5, 8, 8, 8, 10, 10, 10, 10, 10, 10, 40]
1248 : 2471 [2, 2, 2, 3, 5, 8, 8, 8, 10, 10, 12, 12, 12, 15, 20, 20, 24]
1249 : 2472 [2, 2, 2, 3, 4, 7, 7, 12, 14, 14, 14, 14, 15, 20, 28]
1250 : 2473 [2, 2, 2, 4, 4, 4, 5, 12, 12, 20, 20, 20, 30]
1251 : 2474 [2, 2, 2, 6, 6, 6, 9, 9, 9, 9, 9, 9, 9, 9, 9, 10, 10, 10, 10, 10, 15, 30]
1252 : 2475 [2, 2, 2, 3, 7, 8, 8, 8, 10, 10, 10, 10, 10, 10, 14, 20, 21, 24]
1253 : 2476 [2, 2, 2, 4, 4, 6, 8, 8, 9, 9, 9, 9, 12, 18, 18, 24, 24]
1254 : 2477 [2, 2, 2, 3, 6, 7, 7, 7, 12, 12, 12, 12, 12, 12, 15, 20, 28]
1255 : 2478 [2, 2, 2, 3, 5, 6, 10, 10, 10, 14, 14, 14, 14, 14, 15, 15, 15, 21]
1256 : 2479 [2, 2, 2, 3, 4, 8, 8, 8, 10, 10, 15, 15, 40]
1257 : 2480 [2, 2, 2, 4, 6, 6, 6, 8, 8, 8, 10, 12, 12, 12, 12, 15, 15, 15, 15, 24]
1258 : 2481 [2, 2, 2, 3, 8, 8, 8, 9, 9, 9, 9, 12, 12, 12, 12, 12, 18, 18, 24]
1259 : 2482 [2, 2, 2, 3, 6, 6, 6, 8, 8, 15, 16, 16, 16, 16, 20, 24]
1260 : 2483 [2, 2, 2, 4, 6, 6, 10, 10, 10, 10, 10, 10, 10, 12, 12, 12, 12, 12, 12, 12, 15, 15, 15]
1261 : 2484 [2, 2, 2, 4, 5, 5, 9, 9, 10, 10, 10, 10, 12, 12, 12, 12, 12, 18, 20, 20]
1262 : 2485 [2, 2, 2, 5, 6, 6, 6, 8, 8, 8, 9, 9, 9, 9, 10, 10, 18, 18, 20, 24]
1263 : 2486 [2, 2, 2, 3, 6, 6, 8, 8, 8, 10, 15, 15, 15, 15, 15, 20, 24]
1264 : 2487 [2, 2, 2, 3, 6, 6, 10, 10, 10, 10, 10, 10, 12, 15, 15, 20, 20, 20]
1265 : 2488 [2, 2, 2, 6, 6, 6, 6, 6, 6, 6, 7, 12, 12, 14, 15, 15, 20, 20, 21]
1266 : 2489 [2, 2, 2, 3, 6, 10, 10, 10, 10, 10, 10, 10, 12, 12, 12, 15, 15, 15, 15, 20]
1267 : 2490 [2, 2, 2, 4, 4, 4, 6, 12, 15, 15, 15, 15, 15, 15, 30]
1268 : 2491 [2, 2, 2, 3, 6, 6, 7, 8, 8, 12, 12, 12, 14, 21, 24, 24]
1269 : 2492 [2, 2, 2, 5, 5, 5, 7, 8, 8, 8, 8, 10, 12, 12, 14, 15, 15, 15, 20, 21]
1270 : 2493 [2, 2, 2, 3, 4, 9, 9, 12, 12, 12, 12, 12, 15, 15, 18, 20, 20]
1271 : 2494 [2, 2, 2, 4, 4, 5, 8, 8, 8, 10, 12, 12, 12, 15, 24, 30]
1272 : 2495 [2, 2, 2, 5, 6, 6, 6, 10, 10, 10, 10, 10, 10, 10, 10, 10, 10, 15, 15, 15, 15, 15, 15]
1273 : 2496 [2, 2, 2, 5, 6, 7, 8, 8, 8, 8, 8, 8, 8, 8, 10, 10, 14, 15, 20, 20, 21]
1274 : 2497 [2, 2, 2, 4, 4, 6, 8, 8, 8, 12, 12, 12, 12, 15, 16, 16, 16, 16, 20]
1275 : 2498 [2, 2, 2, 5, 5, 5, 9, 9, 10, 10, 10, 10, 10, 10, 10, 10, 15, 15, 15, 15, 15, 18]
1276 : 2499 [2, 2, 2, 4, 4, 5, 7, 10, 10, 10, 12, 14, 15, 15, 15, 15, 20, 21]
1277 : 2500 [2, 2, 2, 4, 5, 5, 5, 9, 9, 9, 9, 15, 18, 18, 20, 20, 20]
End
